# N, G, H, SS, Smp, Alg, Trials, V, dV, naV, dG0, dG1, dG2, dG3, dG4, trueL, dS0, dS1, dS2, dS3, dS4, dH0, dH1, dH2, dH3, dH4, %good, tK, tM, t2F, T, dT
20000,2,0,500,0,3,0,900,21338.26,5439.65,0.00,1.00,3.00,11.01,47.07,227.61,60014.00,1.00,3.00,11.00,47.06,227.52,1.00,2.52,5.09,8.02,10.44,1.00,1499.95,37.12,0.00,0.02,0.00
20000,2,0,500,0,3,1,900,21338.26,5439.65,0.00,1.00,3.00,11.01,47.07,227.61,60014.00,1.00,3.00,11.00,47.06,227.52,1.00,2.52,5.09,8.02,10.44,1.00,1499.95,37.12,0.00,0.02,0.00
40000,2,0,750,1,3,0,900,104080.32,41167.22,0.00,1.00,3.00,11.00,47.00,227.15,118539.14,1.00,3.63,15.40,74.10,395.93,1.00,3.15,7.99,15.64,24.13,1.00,1290.09,21.76,1431.52,0.03,0.00
40000,2,0,750,1,3,1,900,46753.90,18337.36,0.00,1.00,3.00,11.00,47.00,227.15,118539.14,1.00,3.63,15.40,74.10,395.93,1.00,3.15,7.99,15.64,24.13,1.00,1290.09,21.76,1431.52,0.03,0.00
5000,2,0,250,1,5,1,900,5095.65,1038.70,0.00,1.00,5.00,28.99,188.98,1357.44,24512.33,1.00,5.74,37.12,264.73,2054.47,1.00,5.10,21.31,69.09,172.95,1.00,955.64,46.05,480.00,0.00,0.00
5000,2,0,250,1,5,0,900,8104.85,1663.30,0.00,1.00,5.00,28.99,188.98,1357.44,24512.33,1.00,5.74,37.12,264.73,2054.47,1.00,5.10,21.31,69.09,172.95,1.00,955.64,46.05,480.00,0.00,0.00
20000,2,0,250,1,10,0,900,26944.07,9154.44,0.00,1.00,10.00,109.03,1279.43,16018.76,199547.00,1.00,10.87,127.34,1592.00,21094.69,1.00,10.06,90.07,707.33,4842.53,1.00,2238.02,27.40,480.00,0.02,0.00
20000,2,0,250,1,10,1,900,22132.24,7503.67,0.00,1.00,10.00,109.03,1279.43,16018.76,199547.00,1.00,10.87,127.34,1592.00,21094.69,1.00,10.06,90.07,707.33,4842.53,1.00,2238.02,27.40,480.00,0.02,0.00
5000,2,0,500,0,5,1,900,5051.28,403.33,0.00,1.00,5.00,28.99,188.98,1357.44,24992.33,1.00,5.00,28.99,188.79,1354.19,1.00,4.30,14.34,34.64,61.21,1.00,2499.70,249.05,0.00,0.01,0.00
10000,2,0,250,0,5,1,900,10753.05,3186.42,0.00,1.00,5.00,29.01,189.20,1359.84,49989.87,1.00,5.00,29.03,189.43,1361.25,1.00,4.30,14.33,34.71,62.39,1.00,1250.23,31.15,0.00,0.01,0.00
40000,2,0,750,0,5,0,900,41045.63,7522.00,0.00,1.00,5.00,28.95,188.56,1353.94,199801.27,1.00,5.00,29.04,189.53,1363.66,1.00,4.30,14.36,34.67,61.01,1.00,3751.79,70.69,0.00,0.03,0.00
10000,2,0,250,0,5,0,900,10753.05,3186.42,0.00,1.00,5.00,29.01,189.20,1359.84,49989.87,1.00,5.00,29.03,189.43,1361.25,1.00,4.30,14.33,34.71,62.39,1.00,1250.23,31.15,0.00,0.01,0.00
10000,2,0,500,1,5,0,900,15961.12,2392.29,0.00,1.00,5.00,29.01,189.20,1359.84,49009.87,1.00,5.77,37.43,267.98,2086.63,1.00,5.12,21.48,69.60,169.68,1.00,1903.24,92.31,980.00,0.01,0.00
40000,2,0,750,0,5,1,900,41045.63,7522.00,0.00,1.00,5.00,28.95,188.56,1353.94,199801.27,1.00,5.00,29.04,189.53,1363.66,1.00,4.30,14.36,34.67,61.01,1.00,3751.79,70.69,0.00,0.03,0.00
10000,2,0,500,1,5,1,900,10059.06,1487.56,0.00,1.00,5.00,29.01,189.20,1359.84,49009.87,1.00,5.77,37.43,267.98,2086.63,1.00,5.12,21.48,69.60,169.68,1.00,1903.24,92.31,980.00,0.01,0.00
20000,2,0,500,1,5,0,900,33120.85,7663.23,0.00,1.00,5.00,29.01,189.19,1359.33,99029.00,1.00,5.78,37.52,268.75,2092.82,1.00,5.13,21.59,70.26,171.90,1.00,1907.55,45.65,980.00,0.02,0.00
10000,2,0,500,0,3,0,900,10138.01,1584.49,0.00,1.00,3.00,11.00,47.03,227.11,30004.87,1.00,3.00,11.00,47.03,227.30,1.00,2.52,5.09,8.03,10.47,1.00,1499.73,75.72,0.00,0.01,0.00
20000,2,0,500,1,5,1,900,20887.33,4819.90,0.00,1.00,5.00,29.01,189.19,1359.33,99029.00,1.00,5.78,37.52,268.75,2092.82,1.00,5.13,21.59,70.26,171.90,1.00,1907.55,45.65,980.00,0.02,0.00
10000,2,0,250,1,3,1,893,13178.47,8376.32,0.00,1.00,3.00,11.00,47.03,227.11,29530.28,1.00,3.63,15.37,73.82,393.05,1.00,3.14,7.98,15.65,24.32,0.99,431.76,9.80,474.59,0.01,0.00
20000,2,0,500,1,10,1,900,20585.48,2864.07,0.00,1.00,10.00,109.03,1279.43,16018.76,199047.00,1.00,10.87,127.28,1590.58,21073.02,1.00,10.07,90.14,706.08,4736.31,1.00,4455.52,110.41,980.00,0.02,0.00
10000,2,0,250,1,3,0,893,29398.81,18824.17,0.00,1.00,3.00,11.00,47.03,227.11,29530.28,1.00,3.63,15.37,73.82,393.05,1.00,3.14,7.98,15.65,24.32,0.99,431.76,9.80,474.59,0.01,0.00
10000,2,0,500,0,3,1,900,10138.01,1584.49,0.00,1.00,3.00,11.00,47.03,227.11,30004.87,1.00,3.00,11.00,47.03,227.30,1.00,2.52,5.09,8.03,10.47,1.00,1499.73,75.72,0.00,0.01,0.00
10000,2,0,500,1,10,0,900,12392.70,1192.11,0.00,1.00,9.99,108.82,1275.67,15957.69,98945.47,1.00,10.86,126.91,1583.35,20939.10,1.00,10.05,90.04,707.94,4796.26,1.00,4447.81,221.03,980.00,0.01,0.00
10000,2,0,500,1,10,1,900,10161.05,971.38,0.00,1.00,9.99,108.82,1275.67,15957.69,98945.47,1.00,10.86,126.91,1583.35,20939.10,1.00,10.05,90.04,707.94,4796.26,1.00,4447.81,221.03,980.00,0.01,0.00
20000,2,0,500,1,10,0,900,25086.24,3499.44,0.00,1.00,10.00,109.03,1279.43,16018.76,199047.00,1.00,10.87,127.28,1590.58,21073.02,1.00,10.07,90.14,706.08,4736.31,1.00,4455.52,110.41,980.00,0.02,0.00
20000,2,0,250,0,5,1,900,23720.37,13518.90,0.00,1.00,5.00,29.01,189.19,1359.33,100009.00,1.00,5.00,28.96,188.70,1355.47,1.00,4.30,14.40,35.26,64.08,1.00,1248.98,15.72,0.00,0.02,0.00
20000,2,0,250,0,5,0,900,23720.37,13518.90,0.00,1.00,5.00,29.01,189.19,1359.33,100009.00,1.00,5.00,28.96,188.70,1355.47,1.00,4.30,14.40,35.26,64.08,1.00,1248.98,15.72,0.00,0.02,0.00
5000,2,0,750,0,5,1,900,5009.39,270.74,0.00,1.00,5.00,28.99,188.98,1357.44,24992.33,1.00,5.00,28.99,188.91,1356.26,1.00,4.30,14.35,34.68,61.13,1.00,3749.66,563.11,0.00,0.01,0.00
5000,2,0,750,0,5,0,900,5009.39,270.74,0.00,1.00,5.00,28.99,188.98,1357.44,24992.33,1.00,5.00,28.99,188.91,1356.26,1.00,4.30,14.35,34.68,61.13,1.00,3749.66,563.11,0.00,0.01,0.00
10000,2,0,750,1,3,1,900,10792.21,1701.14,0.00,1.00,3.00,11.00,47.03,227.11,28579.67,1.00,3.61,15.23,72.82,385.85,1.00,3.13,7.89,15.33,23.49,1.00,1281.45,86.11,1425.20,0.01,0.00
20000,2,0,250,1,3,1,812,25358.49,14501.43,0.00,1.00,3.00,11.01,47.07,227.61,59538.97,1.00,3.63,15.43,74.28,396.88,1.00,3.15,7.99,15.67,24.32,0.91,432.72,4.86,475.03,0.02,0.00
10000,2,0,750,1,3,0,900,24133.38,3810.77,0.00,1.00,3.00,11.00,47.03,227.11,28579.67,1.00,3.61,15.23,72.82,385.85,1.00,3.13,7.89,15.33,23.49,1.00,1281.45,86.11,1425.20,0.01,0.00
20000,2,0,250,1,3,0,812,56298.45,32060.89,0.00,1.00,3.00,11.01,47.07,227.61,59538.97,1.00,3.63,15.43,74.28,396.88,1.00,3.15,7.99,15.67,24.32,0.91,432.72,4.86,475.03,0.02,0.00
5000,2,0,500,0,3,1,900,5082.04,575.38,0.00,1.00,3.00,10.99,46.85,225.86,15000.87,1.00,3.00,10.98,46.81,225.61,1.00,2.52,5.10,8.05,10.50,1.00,1499.00,149.39,0.00,0.01,0.00
5000,2,0,500,0,3,0,900,5082.04,575.38,0.00,1.00,3.00,10.99,46.85,225.86,15000.87,1.00,3.00,10.98,46.81,225.61,1.00,2.52,5.10,8.05,10.50,1.00,1499.00,149.39,0.00,0.01,0.00
5000,2,0,750,1,10,1,900,5067.79,203.25,0.00,1.00,10.00,109.14,1282.41,16082.67,48538.73,1.00,10.83,126.32,1574.13,20801.59,1.00,10.01,89.08,691.62,4567.03,1.00,6639.40,987.00,1480.00,0.01,0.00
10000,2,0,250,1,10,0,900,12835.24,2543.22,0.00,1.00,9.99,108.82,1275.67,15957.69,99445.47,1.00,10.84,126.69,1580.93,20928.98,1.00,10.04,89.78,707.82,4879.23,1.00,2230.65,54.81,480.00,0.01,0.00
10000,2,0,250,1,10,1,900,10534.49,2086.83,0.00,1.00,9.99,108.82,1275.67,15957.69,99445.47,1.00,10.84,126.69,1580.93,20928.98,1.00,10.04,89.78,707.82,4879.23,1.00,2230.65,54.81,480.00,0.01,0.00
40000,2,0,250,1,3,1,655,37131.16,15024.40,0.00,1.00,3.00,11.00,47.00,227.15,119495.14,1.00,3.63,15.44,74.33,397.05,1.00,3.15,8.05,15.87,24.76,0.79,433.15,2.50,475.52,0.03,0.00
40000,2,0,500,1,3,0,892,121777.18,82868.27,0.00,1.00,3.00,11.00,47.00,227.15,119016.36,1.00,3.63,15.42,74.11,395.54,1.00,3.15,8.02,15.73,24.33,0.99,861.52,9.61,954.30,0.03,0.00
40000,2,0,750,1,10,1,900,41198.86,5427.69,0.00,1.00,10.00,109.03,1279.75,16026.09,398544.87,1.00,10.88,127.57,1595.42,21142.53,1.00,10.08,90.36,707.87,4714.44,1.00,6683.50,124.04,1480.00,0.04,0.00
40000,2,0,750,1,10,0,900,50201.82,6627.84,0.00,1.00,10.00,109.03,1279.75,16026.09,398544.87,1.00,10.88,127.57,1595.42,21142.53,1.00,10.08,90.36,707.87,4714.44,1.00,6683.50,124.04,1480.00,0.04,0.00
20000,2,0,750,1,5,1,900,20336.60,2889.64,0.00,1.00,5.00,29.01,189.19,1359.33,98529.00,1.00,5.78,37.58,269.28,2097.60,1.00,5.14,21.63,70.37,170.76,1.00,2854.99,102.87,1480.00,0.02,0.00
20000,2,0,750,1,5,0,900,32232.32,4603.81,0.00,1.00,5.00,29.01,189.19,1359.33,98529.00,1.00,5.78,37.58,269.28,2097.60,1.00,5.14,21.63,70.37,170.76,1.00,2854.99,102.87,1480.00,0.02,0.00
10000,2,0,750,1,10,0,900,12395.16,758.49,0.00,1.00,9.99,108.82,1275.67,15957.69,98445.47,1.00,10.85,126.73,1580.08,20886.49,1.00,10.05,89.99,706.07,4728.88,1.00,6656.39,494.20,1480.00,0.01,0.00
5000,2,0,250,0,3,1,900,5255.99,1353.68,0.00,1.00,3.00,10.99,46.85,225.86,15000.87,1.00,3.01,11.04,47.19,228.07,1.00,2.53,5.14,8.15,10.67,1.00,751.64,37.86,0.00,0.00,0.00
5000,2,0,250,0,3,0,900,5255.99,1353.68,0.00,1.00,3.00,10.99,46.85,225.86,15000.87,1.00,3.01,11.04,47.19,228.07,1.00,2.53,5.14,8.15,10.67,1.00,751.64,37.86,0.00,0.00,0.00
10000,2,0,750,0,5,1,900,10058.01,803.11,0.00,1.00,5.00,29.01,189.20,1359.84,49989.87,1.00,5.00,28.97,188.81,1355.82,1.00,4.30,14.28,34.21,59.60,1.00,3747.59,281.26,0.00,0.01,0.00
20000,2,0,750,1,10,1,900,20401.84,1835.02,0.00,1.00,10.00,109.03,1279.43,16018.76,198547.00,1.00,10.87,127.25,1589.51,21042.17,1.00,10.07,90.20,706.36,4703.83,1.00,6673.41,247.83,1480.00,0.02,0.00
10000,2,0,750,0,5,0,900,10058.01,803.11,0.00,1.00,5.00,29.01,189.20,1359.84,49989.87,1.00,5.00,28.97,188.81,1355.82,1.00,4.30,14.28,34.21,59.60,1.00,3747.59,281.26,0.00,0.01,0.00
10000,2,0,750,1,10,1,900,10157.43,619.48,0.00,1.00,9.99,108.82,1275.67,15957.69,98445.47,1.00,10.85,126.73,1580.08,20886.49,1.00,10.05,89.99,706.07,4728.88,1.00,6656.39,494.20,1480.00,0.01,0.00
20000,2,0,750,1,10,0,900,24875.65,2251.12,0.00,1.00,10.00,109.03,1279.43,16018.76,198547.00,1.00,10.87,127.25,1589.51,21042.17,1.00,10.07,90.20,706.36,4703.83,1.00,6673.41,247.83,1480.00,0.02,0.00
40000,2,0,500,1,3,1,892,54689.34,37192.77,0.00,1.00,3.00,11.00,47.00,227.15,119016.36,1.00,3.63,15.42,74.11,395.54,1.00,3.15,8.02,15.73,24.33,0.99,861.52,9.61,954.30,0.03,0.00
40000,2,0,500,0,5,1,900,43178.70,16085.74,0.00,1.00,5.00,28.95,188.56,1353.94,199801.27,1.00,5.00,28.98,188.81,1355.76,1.00,4.30,14.36,34.75,61.50,1.00,2499.02,31.27,0.00,0.03,0.00
20000,2,0,750,0,3,1,900,20500.34,3349.64,0.00,1.00,3.00,11.01,47.07,227.61,60014.00,1.00,3.00,11.01,47.11,227.79,1.00,2.52,5.09,8.01,10.42,1.00,2251.00,84.44,0.00,0.02,0.00
40000,2,0,500,0,5,0,900,43178.70,16085.74,0.00,1.00,5.00,28.95,188.56,1353.94,199801.27,1.00,5.00,28.98,188.81,1355.76,1.00,4.30,14.36,34.75,61.50,1.00,2499.02,31.27,0.00,0.03,0.00
20000,2,0,750,0,3,0,900,20500.34,3349.64,0.00,1.00,3.00,11.01,47.07,227.61,60014.00,1.00,3.00,11.01,47.11,227.79,1.00,2.52,5.09,8.01,10.42,1.00,2251.00,84.44,0.00,0.02,0.00
40000,2,0,250,0,5,0,881,53897.65,35940.07,0.00,1.00,5.00,28.95,188.56,1353.94,199801.27,1.00,4.99,28.90,188.18,1350.68,1.00,4.30,14.37,35.10,63.64,0.98,1247.75,7.62,0.00,0.03,0.00
40000,2,0,250,0,5,1,881,53897.65,35940.07,0.00,1.00,5.00,28.95,188.56,1353.94,199801.27,1.00,4.99,28.90,188.18,1350.68,1.00,4.30,14.37,35.10,63.64,0.98,1247.75,7.62,0.00,0.03,0.00
5000,2,0,750,1,3,1,900,5230.12,518.87,0.00,1.00,3.00,10.99,46.85,225.86,13582.91,1.00,3.57,14.94,70.83,372.63,1.00,3.10,7.78,15.06,23.06,1.00,1262.58,171.42,1417.95,0.01,0.00
5000,2,0,750,1,3,0,900,11857.11,1224.88,0.00,1.00,3.00,10.99,46.85,225.86,13582.91,1.00,3.57,14.94,70.83,372.63,1.00,3.10,7.78,15.06,23.06,1.00,1262.58,171.42,1417.95,0.01,0.00
40000,2,0,250,1,3,0,655,82644.38,33257.81,0.00,1.00,3.00,11.00,47.00,227.15,119495.14,1.00,3.63,15.44,74.33,397.05,1.00,3.15,8.05,15.87,24.76,0.79,433.15,2.50,475.52,0.03,0.00
20000,2,0,500,0,5,0,900,20613.67,3829.64,0.00,1.00,5.00,29.01,189.19,1359.33,100009.00,1.00,5.00,29.03,189.30,1359.59,1.00,4.30,14.38,34.85,61.85,1.00,2501.30,62.64,0.00,0.02,0.00
20000,2,0,500,0,5,1,900,20613.67,3829.64,0.00,1.00,5.00,29.01,189.19,1359.33,100009.00,1.00,5.00,29.03,189.30,1359.59,1.00,4.30,14.38,34.85,61.85,1.00,2501.30,62.64,0.00,0.02,0.00
10000,2,0,750,0,10,1,900,10072.93,561.03,0.00,1.00,9.99,108.82,1275.67,15957.69,99925.47,1.00,9.99,108.78,1274.68,15937.10,1.00,9.12,71.82,467.77,2424.29,1.00,7493.63,559.75,0.00,0.01,0.00
10000,2,0,750,0,10,0,900,10072.93,561.03,0.00,1.00,9.99,108.82,1275.67,15957.69,99925.47,1.00,9.99,108.78,1274.68,15937.10,1.00,9.12,71.82,467.77,2424.29,1.00,7493.63,559.75,0.00,0.01,0.00
5000,2,0,250,1,10,0,900,6228.43,840.13,0.00,1.00,10.00,109.14,1282.41,16082.67,49538.73,1.00,10.85,126.97,1586.56,21027.27,1.00,10.04,89.63,703.07,4813.13,1.00,2233.13,110.85,480.00,0.01,0.00
5000,2,0,250,1,10,1,900,5116.05,685.74,0.00,1.00,10.00,109.14,1282.41,16082.67,49538.73,1.00,10.85,126.97,1586.56,21027.27,1.00,10.04,89.63,703.07,4813.13,1.00,2233.13,110.85,480.00,0.01,0.00
40000,2,0,250,0,10,1,899,48241.34,27264.83,0.00,1.00,10.00,109.03,1279.75,16026.09,400024.87,1.00,10.00,108.91,1277.34,15979.75,1.00,9.12,71.78,473.61,2617.41,1.00,2498.81,15.45,0.00,0.03,0.00
40000,2,0,250,0,10,0,899,48241.34,27264.83,0.00,1.00,10.00,109.03,1279.75,16026.09,400024.87,1.00,10.00,108.91,1277.34,15979.75,1.00,9.12,71.78,473.61,2617.41,1.00,2498.81,15.45,0.00,0.03,0.00
40000,2,0,750,1,5,0,900,66068.85,14339.32,0.00,1.00,5.00,28.95,188.56,1353.94,198321.27,1.00,5.78,37.54,269.10,2098.75,1.00,5.14,21.65,70.64,172.44,1.00,2852.75,51.31,1480.00,0.03,0.00
40000,2,0,750,1,5,1,900,41661.17,9007.83,0.00,1.00,5.00,28.95,188.56,1353.94,198321.27,1.00,5.78,37.54,269.10,2098.75,1.00,5.14,21.65,70.64,172.44,1.00,2852.75,51.31,1480.00,0.03,0.00
40000,2,0,250,1,10,0,900,58827.23,35224.32,0.00,1.00,10.00,109.03,1279.75,16026.09,399544.87,1.00,10.86,127.15,1587.98,21020.09,1.00,10.06,90.06,708.78,4854.77,1.00,2236.25,13.93,480.00,0.03,0.00
40000,2,0,250,1,10,1,900,48268.22,28798.91,0.00,1.00,10.00,109.03,1279.75,16026.09,399544.87,1.00,10.86,127.15,1587.98,21020.09,1.00,10.06,90.06,708.78,4854.77,1.00,2236.25,13.93,480.00,0.03,0.00
5000,2,0,250,1,3,1,900,5855.67,3079.88,0.00,1.00,3.00,10.99,46.85,225.86,14526.61,1.00,3.61,15.21,72.62,384.60,1.00,3.13,7.95,15.61,24.28,1.00,427.69,19.62,474.25,0.00,0.00
5000,2,0,250,1,3,0,900,13195.59,7182.28,0.00,1.00,3.00,10.99,46.85,225.86,14526.61,1.00,3.61,15.21,72.62,384.60,1.00,3.13,7.95,15.61,24.28,1.00,427.69,19.62,474.25,0.00,0.00
5000,2,0,500,0,10,0,900,5030.03,292.77,0.00,1.00,10.00,109.14,1282.41,16082.67,50018.73,1.00,10.00,109.12,1282.44,16089.01,1.00,9.12,71.88,473.09,2547.69,1.00,5001.12,498.88,0.00,0.01,0.00
5000,2,0,500,0,10,1,900,5030.03,292.77,0.00,1.00,10.00,109.14,1282.41,16082.67,50018.73,1.00,10.00,109.12,1282.44,16089.01,1.00,9.12,71.88,473.09,2547.69,1.00,5001.12,498.88,0.00,0.01,0.00
5000,2,0,750,1,10,0,900,6180.86,252.24,0.00,1.00,10.00,109.14,1282.41,16082.67,48538.73,1.00,10.83,126.32,1574.13,20801.59,1.00,10.01,89.08,691.62,4567.03,1.00,6639.40,987.00,1480.00,0.01,0.00
10000,2,0,250,0,3,0,900,11212.37,5494.28,0.00,1.00,3.00,11.00,47.03,227.11,30004.87,1.00,3.00,11.00,46.95,226.39,1.00,2.53,5.12,8.10,10.61,1.00,750.18,19.00,0.00,0.01,0.00
40000,2,0,750,0,3,0,900,42105.89,10451.61,0.00,1.00,3.00,11.00,47.00,227.15,119970.67,1.00,3.00,10.98,46.88,226.47,1.00,2.52,5.08,8.00,10.41,1.00,2247.51,42.20,0.00,0.03,0.00
10000,2,0,500,1,3,0,900,25031.72,6248.84,0.00,1.00,3.00,11.00,47.03,227.11,29053.34,1.00,3.61,15.29,73.19,388.55,1.00,3.13,7.93,15.48,23.86,1.00,855.92,38.11,951.53,0.01,0.00
40000,2,0,750,0,3,1,900,42105.89,10451.61,0.00,1.00,3.00,11.00,47.00,227.15,119970.67,1.00,3.00,10.98,46.88,226.47,1.00,2.52,5.08,8.00,10.41,1.00,2247.51,42.20,0.00,0.03,0.00
10000,2,0,500,1,3,1,900,11193.46,2739.42,0.00,1.00,3.00,11.00,47.03,227.11,29053.34,1.00,3.61,15.29,73.19,388.55,1.00,3.13,7.93,15.48,23.86,1.00,855.92,38.11,951.53,0.01,0.00
10000,2,0,250,0,3,1,900,11212.37,5494.28,0.00,1.00,3.00,11.00,47.03,227.11,30004.87,1.00,3.00,11.00,46.95,226.39,1.00,2.53,5.12,8.10,10.61,1.00,750.18,19.00,0.00,0.01,0.00
5000,2,0,500,1,5,1,900,5023.49,515.39,0.00,1.00,5.00,28.99,188.98,1357.44,24012.33,1.00,5.74,37.15,265.04,2057.36,1.00,5.10,21.35,69.22,169.89,1.00,1892.28,181.77,980.00,0.01,0.00
20000,2,0,500,1,3,1,900,24340.79,12113.25,0.00,1.00,3.00,11.01,47.07,227.61,59061.24,1.00,3.63,15.39,73.98,394.66,1.00,3.14,7.98,15.58,24.00,1.00,860.77,19.12,952.76,0.02,0.00
5000,2,0,500,1,5,0,900,7989.47,838.99,0.00,1.00,5.00,28.99,188.98,1357.44,24012.33,1.00,5.74,37.15,265.04,2057.36,1.00,5.10,21.35,69.22,169.89,1.00,1892.28,181.77,980.00,0.01,0.00
20000,2,0,500,1,3,0,900,54211.38,27129.37,0.00,1.00,3.00,11.01,47.07,227.61,59061.24,1.00,3.63,15.39,73.98,394.66,1.00,3.14,7.98,15.58,24.00,1.00,860.77,19.12,952.76,0.02,0.00
40000,2,0,500,1,10,1,900,42261.77,9018.75,0.00,1.00,10.00,109.03,1279.75,16026.09,399044.87,1.00,10.87,127.37,1592.10,21093.64,1.00,10.07,90.21,708.16,4765.37,1.00,4457.38,54.94,980.00,0.03,0.00
10000,2,0,500,0,5,1,900,10135.60,1318.49,0.00,1.00,5.00,29.01,189.20,1359.84,49989.87,1.00,5.00,29.02,189.38,1362.09,1.00,4.30,14.30,34.39,60.36,1.00,2500.10,125.42,0.00,0.01,0.00
40000,2,0,500,1,10,0,900,51492.16,10987.33,0.00,1.00,10.00,109.03,1279.75,16026.09,399044.87,1.00,10.87,127.37,1592.10,21093.64,1.00,10.07,90.21,708.16,4765.37,1.00,4457.38,54.94,980.00,0.03,0.00
10000,2,0,250,1,5,1,900,11073.19,4375.78,0.00,1.00,5.00,29.01,189.20,1359.84,49509.87,1.00,5.76,37.38,267.55,2083.70,1.00,5.12,21.43,69.78,175.58,1.00,960.21,22.85,480.00,0.01,0.00
10000,2,0,250,1,5,0,900,17576.09,6940.35,0.00,1.00,5.00,29.01,189.20,1359.84,49509.87,1.00,5.76,37.38,267.55,2083.70,1.00,5.12,21.43,69.78,175.58,1.00,960.21,22.85,480.00,0.01,0.00
10000,2,0,500,0,5,0,900,10135.60,1318.49,0.00,1.00,5.00,29.01,189.20,1359.84,49989.87,1.00,5.00,29.02,189.38,1362.09,1.00,4.30,14.30,34.39,60.36,1.00,2500.10,125.42,0.00,0.01,0.00
20000,2,0,250,0,3,1,888,25959.22,18032.66,0.00,1.00,3.00,11.01,47.07,227.61,60014.00,1.00,3.00,10.99,46.91,226.22,1.00,2.53,5.12,8.09,10.59,0.99,750.01,9.40,0.00,0.02,0.00
20000,2,0,250,0,3,0,888,25959.22,18032.66,0.00,1.00,3.00,11.01,47.07,227.61,60014.00,1.00,3.00,10.99,46.91,226.22,1.00,2.53,5.12,8.09,10.59,0.99,750.01,9.40,0.00,0.02,0.00
20000,2,0,750,0,10,1,900,20162.97,1681.03,0.00,1.00,10.00,109.03,1279.43,16018.76,200027.00,1.00,10.00,109.06,1279.98,16026.80,1.00,9.13,71.82,466.10,2394.08,1.00,7502.56,281.01,0.00,0.02,0.00
5000,2,0,750,0,10,0,900,5016.04,178.32,0.00,1.00,10.00,109.14,1282.41,16082.67,50018.73,1.00,10.00,109.14,1282.49,16086.11,1.00,9.12,71.63,465.81,2422.54,1.00,7501.96,1123.21,0.00,0.01,0.00
5000,2,0,750,0,10,1,900,5016.04,178.32,0.00,1.00,10.00,109.14,1282.41,16082.67,50018.73,1.00,10.00,109.14,1282.49,16086.11,1.00,9.12,71.63,465.81,2422.54,1.00,7501.96,1123.21,0.00,0.01,0.00
20000,2,0,750,0,10,0,900,20162.97,1681.03,0.00,1.00,10.00,109.03,1279.43,16018.76,200027.00,1.00,10.00,109.06,1279.98,16026.80,1.00,9.13,71.82,466.10,2394.08,1.00,7502.56,281.01,0.00,0.02,0.00
5000,2,0,500,1,3,1,900,5342.10,843.63,0.00,1.00,3.00,10.99,46.85,225.86,14052.79,1.00,3.59,15.11,71.96,380.15,1.00,3.12,7.87,15.31,23.54,1.00,849.32,76.61,948.08,0.01,0.00
5000,2,0,500,1,3,0,900,12039.55,1951.06,0.00,1.00,3.00,10.99,46.85,225.86,14052.79,1.00,3.59,15.11,71.96,380.15,1.00,3.12,7.87,15.31,23.54,1.00,849.32,76.61,948.08,0.01,0.00
20000,2,0,250,1,5,1,898,25371.45,19018.97,0.00,1.00,5.00,29.01,189.19,1359.33,99529.00,1.00,5.76,37.38,267.44,2081.44,1.00,5.12,21.50,70.48,180.00,1.00,960.49,11.70,480.00,0.02,0.00
5000,2,0,750,0,3,1,900,5032.80,348.02,0.00,1.00,3.00,10.99,46.85,225.86,15000.87,1.00,3.00,10.99,46.83,225.56,1.00,2.53,5.12,8.10,10.59,1.00,2250.89,337.10,0.00,0.01,0.00
5000,2,0,500,1,10,0,900,6191.67,413.92,0.00,1.00,10.00,109.14,1282.41,16082.67,49038.73,1.00,10.85,126.84,1583.62,20965.43,1.00,10.04,89.61,701.87,4726.18,1.00,4444.24,440.05,980.00,0.01,0.00
5000,2,0,750,0,3,0,900,5032.80,348.02,0.00,1.00,3.00,10.99,46.85,225.86,15000.87,1.00,3.00,10.99,46.83,225.56,1.00,2.53,5.12,8.10,10.59,1.00,2250.89,337.10,0.00,0.01,0.00
5000,2,0,500,1,10,1,900,5081.37,338.18,0.00,1.00,10.00,109.14,1282.41,16082.67,49038.73,1.00,10.85,126.84,1583.62,20965.43,1.00,10.04,89.61,701.87,4726.18,1.00,4444.24,440.05,980.00,0.01,0.00
10000,2,0,750,1,5,1,900,10051.75,967.76,0.00,1.00,5.00,29.01,189.20,1359.84,48509.88,1.00,5.76,37.38,267.43,2081.76,1.00,5.12,21.47,69.37,166.65,1.00,2842.20,205.14,1479.99,0.01,0.00
10000,2,0,750,1,5,0,900,15955.38,1558.74,0.00,1.00,5.00,29.01,189.20,1359.84,48509.88,1.00,5.76,37.38,267.43,2081.76,1.00,5.12,21.47,69.37,166.65,1.00,2842.20,205.14,1479.99,0.01,0.00
20000,2,0,250,1,5,0,898,40329.25,30419.88,0.00,1.00,5.00,29.01,189.19,1359.33,99529.00,1.00,5.76,37.38,267.44,2081.44,1.00,5.12,21.50,70.48,180.00,1.00,960.49,11.70,480.00,0.02,0.00
40000,2,0,750,0,10,0,900,40602.05,5082.61,0.00,1.00,10.00,109.03,1279.75,16026.09,400024.87,1.00,10.01,109.22,1282.68,16068.56,1.00,9.13,71.77,464.04,2366.43,1.00,7507.33,140.81,0.00,0.04,0.00
5000,2,0,500,0,5,0,900,5051.28,403.33,0.00,1.00,5.00,28.99,188.98,1357.44,24992.33,1.00,5.00,28.99,188.79,1354.19,1.00,4.30,14.34,34.64,61.21,1.00,2499.70,249.05,0.00,0.01,0.00
40000,2,0,750,0,10,1,900,40602.05,5082.61,0.00,1.00,10.00,109.03,1279.75,16026.09,400024.87,1.00,10.01,109.22,1282.68,16068.56,1.00,9.13,71.77,464.04,2366.43,1.00,7507.33,140.81,0.00,0.04,0.00
40000,2,0,250,1,5,0,845,81344.84,48854.34,0.00,1.00,5.00,28.95,188.56,1353.94,199321.27,1.00,5.76,37.35,267.20,2080.41,1.00,5.12,21.45,69.90,176.27,0.94,959.85,5.61,480.00,0.03,0.00
20000,2,0,750,1,3,1,900,22389.13,5367.01,0.00,1.00,3.00,11.01,47.07,227.61,58584.14,1.00,3.62,15.34,73.60,392.12,1.00,3.14,7.96,15.55,23.96,1.00,1285.87,42.92,1429.86,0.02,0.00
20000,2,0,500,0,10,1,900,20460.53,2664.34,0.00,1.00,10.00,109.03,1279.43,16018.76,200027.00,1.00,10.00,108.99,1278.98,16014.63,1.00,9.12,71.72,466.68,2454.78,1.00,4999.58,124.19,0.00,0.02,0.00
40000,2,0,250,1,5,1,845,51220.12,30749.37,0.00,1.00,5.00,28.95,188.56,1353.94,199321.27,1.00,5.76,37.35,267.20,2080.41,1.00,5.12,21.45,69.90,176.27,0.94,959.85,5.61,480.00,0.03,0.00
20000,2,0,750,1,3,0,900,49950.77,12030.89,0.00,1.00,3.00,11.01,47.07,227.61,58584.14,1.00,3.62,15.34,73.60,392.12,1.00,3.14,7.96,15.55,23.96,1.00,1285.87,42.92,1429.86,0.02,0.00
20000,2,0,500,0,10,0,900,20460.53,2664.34,0.00,1.00,10.00,109.03,1279.43,16018.76,200027.00,1.00,10.00,108.99,1278.98,16014.63,1.00,9.12,71.72,466.68,2454.78,1.00,4999.58,124.19,0.00,0.02,0.00
10000,2,0,500,0,10,0,900,10040.99,890.75,0.00,1.00,9.99,108.82,1275.67,15957.69,99925.47,1.00,10.00,108.90,1276.90,15973.55,1.00,9.13,71.95,472.30,2519.56,1.00,4998.36,250.85,0.00,0.01,0.00
5000,2,0,250,0,5,1,900,5258.65,1026.37,0.00,1.00,5.00,28.99,188.98,1357.44,24992.33,1.00,5.00,28.99,189.00,1357.52,1.00,4.30,14.38,35.14,63.83,1.00,1249.61,61.49,0.00,0.00,0.00
5000,2,0,250,0,5,0,900,5258.65,1026.37,0.00,1.00,5.00,28.99,188.98,1357.44,24992.33,1.00,5.00,28.99,189.00,1357.52,1.00,4.30,14.38,35.14,63.83,1.00,1249.61,61.49,0.00,0.00,0.00
10000,2,0,750,0,3,1,900,10111.29,1030.44,0.00,1.00,3.00,11.00,47.03,227.11,30004.87,1.00,3.00,11.00,47.04,227.29,1.00,2.52,5.10,8.05,10.49,1.00,2250.49,168.67,0.00,0.01,0.00
10000,2,0,750,0,3,0,900,10111.29,1030.44,0.00,1.00,3.00,11.00,47.03,227.11,30004.87,1.00,3.00,11.00,47.04,227.29,1.00,2.52,5.10,8.05,10.49,1.00,2250.49,168.67,0.00,0.01,0.00
10000,2,0,500,0,10,1,900,10040.99,890.75,0.00,1.00,9.99,108.82,1275.67,15957.69,99925.47,1.00,10.00,108.90,1276.90,15973.55,1.00,9.13,71.95,472.30,2519.56,1.00,4998.36,250.85,0.00,0.01,0.00
40000,2,0,250,0,3,0,819,48510.32,27065.11,0.00,1.00,3.00,11.00,47.00,227.15,119970.67,1.00,3.00,11.02,47.13,227.81,1.00,2.53,5.12,8.09,10.57,0.92,750.90,4.72,0.00,0.03,0.00
40000,2,0,500,0,10,1,900,41293.45,7965.67,0.00,1.00,10.00,109.03,1279.75,16026.09,400024.87,1.00,10.00,109.06,1280.54,16044.39,1.00,9.12,71.66,465.97,2448.16,1.00,5000.63,62.66,0.00,0.03,0.00
10000,2,0,250,0,10,1,900,10389.48,1929.44,0.00,1.00,9.99,108.82,1275.67,15957.69,99925.47,1.00,9.97,108.38,1268.19,15835.60,1.00,9.11,71.73,474.89,2640.05,1.00,2493.12,61.91,0.00,0.01,0.00
40000,2,0,250,0,3,1,819,48510.32,27065.11,0.00,1.00,3.00,11.00,47.00,227.15,119970.67,1.00,3.00,11.02,47.13,227.81,1.00,2.53,5.12,8.09,10.57,0.92,750.90,4.72,0.00,0.03,0.00
40000,2,0,500,1,5,1,900,43949.67,16744.86,0.00,1.00,5.00,28.95,188.56,1353.94,198821.27,1.00,5.77,37.53,269.03,2099.54,1.00,5.13,21.61,70.60,174.25,1.00,1907.19,22.94,980.00,0.03,0.00
40000,2,0,500,0,10,0,900,41293.45,7965.67,0.00,1.00,10.00,109.03,1279.75,16026.09,400024.87,1.00,10.00,109.06,1280.54,16044.39,1.00,9.12,71.66,465.97,2448.16,1.00,5000.63,62.66,0.00,0.03,0.00
40000,2,0,500,1,5,0,900,69719.20,26646.35,0.00,1.00,5.00,28.95,188.56,1353.94,198821.27,1.00,5.77,37.53,269.03,2099.54,1.00,5.13,21.61,70.60,174.25,1.00,1907.19,22.94,980.00,0.03,0.00
20000,2,0,750,0,5,0,900,20362.38,2427.72,0.00,1.00,5.00,29.01,189.19,1359.33,100009.00,1.00,5.00,29.02,189.27,1360.24,1.00,4.30,14.35,34.68,61.17,1.00,3750.48,140.10,0.00,0.02,0.00
20000,2,0,250,0,10,1,900,21550.59,6364.17,0.00,1.00,10.00,109.03,1279.43,16018.76,200027.00,1.00,10.00,109.07,1280.89,16054.99,1.00,9.13,71.94,476.56,2644.58,1.00,2500.24,31.12,0.00,0.02,0.00
5000,2,0,250,0,10,1,900,5139.49,692.59,0.00,1.00,10.00,109.14,1282.41,16082.67,50018.73,1.00,9.99,108.95,1279.09,16024.60,1.00,9.12,71.78,476.00,2657.57,1.00,2498.58,123.70,0.00,0.01,0.00
20000,2,0,250,0,10,0,900,21550.59,6364.17,0.00,1.00,10.00,109.03,1279.43,16018.76,200027.00,1.00,10.00,109.07,1280.89,16054.99,1.00,9.13,71.94,476.56,2644.58,1.00,2500.24,31.12,0.00,0.02,0.00
5000,2,0,250,0,10,0,900,5139.49,692.59,0.00,1.00,10.00,109.14,1282.41,16082.67,50018.73,1.00,9.99,108.95,1279.09,16024.60,1.00,9.12,71.78,476.00,2657.57,1.00,2498.58,123.70,0.00,0.01,0.00
10000,2,0,250,0,10,0,900,10389.48,1929.44,0.00,1.00,9.99,108.82,1275.67,15957.69,99925.47,1.00,9.97,108.38,1268.19,15835.60,1.00,9.11,71.73,474.89,2640.05,1.00,2493.12,61.91,0.00,0.01,0.00
20000,2,0,750,0,5,1,900,20362.38,2427.72,0.00,1.00,5.00,29.01,189.19,1359.33,100009.00,1.00,5.00,29.02,189.27,1360.24,1.00,4.30,14.35,34.68,61.17,1.00,3750.48,140.10,0.00,0.02,0.00
5000,2,0,750,1,5,0,900,7917.94,505.29,0.00,1.00,5.00,28.99,188.98,1357.44,23512.42,1.00,5.73,36.89,262.12,2025.97,1.00,5.09,21.23,68.52,165.49,1.00,2814.42,408.51,1479.91,0.01,0.00
5000,2,0,750,1,5,1,900,4969.12,310.29,0.00,1.00,5.00,28.99,188.98,1357.44,23512.42,1.00,5.73,36.89,262.12,2025.97,1.00,5.09,21.23,68.52,165.49,1.00,2814.42,408.51,1479.91,0.01,0.00
40000,2,0,500,0,3,1,900,46046.81,24729.24,0.00,1.00,3.00,11.00,47.00,227.15,119970.67,1.00,3.00,11.01,47.08,227.81,1.00,2.52,5.10,8.03,10.47,1.00,1500.29,18.68,0.00,0.03,0.00
40000,2,0,500,0,3,0,900,46046.81,24729.24,0.00,1.00,3.00,11.00,47.00,227.15,119970.67,1.00,3.00,11.01,47.08,227.81,1.00,2.52,5.10,8.03,10.47,1.00,1500.29,18.68,0.00,0.03,0.00
