# N, G, H, SS, Smp, Alg, Trials, V, dV, naV, dG0, dG1, dG2, dG3, dG4, trueL, dS0, dS1, dS2, dS3, dS4, dH0, dH1, dH2, dH3, dH4, %good, tK, tM, t2F, T, dT
20000,5,0,500,0,3,1,900,21152.63,5713.36,0.00,1.00,3.00,12.99,77.85,609.36,59976.47,1.00,3.00,13.01,78.20,614.37,1.00,2.31,4.14,5.92,7.26,1.00,1499.48,37.66,0.00,0.02,0.00
5000,5,0,250,1,5,1,900,4861.21,827.14,0.00,1.00,4.99,33.81,307.65,3585.47,24470.33,1.00,6.61,58.66,669.08,9290.46,1.00,5.13,19.52,59.33,156.23,1.00,1172.13,72.86,480.00,0.00,0.00
20000,5,0,500,0,3,0,900,21152.63,5713.36,0.00,1.00,3.00,12.99,77.85,609.36,59976.47,1.00,3.00,13.01,78.20,614.37,1.00,2.31,4.14,5.92,7.26,1.00,1499.48,37.66,0.00,0.02,0.00
5000,5,0,250,1,5,0,900,5890.27,1121.16,0.00,1.00,4.99,33.81,307.65,3585.47,24470.33,1.00,6.61,58.66,669.08,9290.46,1.00,5.13,19.52,59.33,156.23,1.00,1172.13,72.86,480.00,0.00,0.00
40000,5,0,750,0,10,1,900,40835.18,5026.03,0.00,1.00,10.00,129.89,2221.07,48630.94,399950.00,1.00,10.00,129.88,2219.56,48496.78,1.00,8.24,56.99,357.69,2111.70,1.00,7498.11,139.80,0.00,0.06,0.00
40000,5,0,750,0,10,0,900,40835.18,5026.03,0.00,1.00,10.00,129.89,2221.07,48630.94,399950.00,1.00,10.00,129.88,2219.56,48496.78,1.00,8.24,56.99,357.69,2111.70,1.00,7498.11,139.80,0.00,0.06,0.00
5000,5,0,250,0,3,0,900,5365.03,1360.26,0.00,1.00,3.00,12.93,76.67,589.15,14984.73,1.00,3.00,12.95,76.93,593.71,1.00,2.31,4.15,5.92,7.26,1.00,749.84,37.03,0.00,0.00,0.00
5000,5,0,250,0,3,1,900,5365.03,1360.26,0.00,1.00,3.00,12.93,76.67,589.15,14984.73,1.00,3.00,12.95,76.93,593.71,1.00,2.31,4.15,5.92,7.26,1.00,749.84,37.03,0.00,0.00,0.00
40000,5,0,750,1,3,1,900,40392.69,10295.08,0.00,1.00,3.00,12.99,77.78,607.10,118616.46,1.00,4.19,24.59,189.75,1816.40,1.00,3.16,7.20,12.21,16.80,1.00,1746.27,39.52,1396.60,0.05,0.00
40000,5,0,750,1,3,0,900,63464.41,16906.44,0.00,1.00,3.00,12.99,77.78,607.10,118616.46,1.00,4.19,24.59,189.75,1816.40,1.00,3.16,7.20,12.21,16.80,1.00,1746.27,39.52,1396.60,0.05,0.00
40000,5,0,750,0,5,1,900,41714.58,7559.11,0.00,1.00,5.00,34.00,312.32,3724.07,200010.67,1.00,5.00,34.03,313.07,3741.44,1.00,4.00,12.61,33.44,79.94,1.00,3750.97,69.56,0.00,0.05,0.00
40000,5,0,750,0,5,0,900,41714.58,7559.11,0.00,1.00,5.00,34.00,312.32,3724.07,200010.67,1.00,5.00,34.03,313.07,3741.44,1.00,4.00,12.61,33.44,79.94,1.00,3750.97,69.56,0.00,0.05,0.00
40000,5,0,500,1,5,0,900,47450.80,13213.22,0.00,1.00,5.00,34.00,312.32,3724.07,199030.67,1.00,6.74,61.45,727.77,10689.42,1.00,5.21,20.01,61.19,161.51,1.00,2391.22,38.05,980.00,0.05,0.00
40000,5,0,500,1,5,1,900,39965.51,10587.57,0.00,1.00,5.00,34.00,312.32,3724.07,199030.67,1.00,6.74,61.45,727.77,10689.42,1.00,5.21,20.01,61.19,161.51,1.00,2391.22,38.05,980.00,0.05,0.00
10000,5,0,500,0,3,1,900,10330.45,1769.53,0.00,1.00,3.00,13.01,77.84,606.03,30014.80,1.00,3.00,12.96,77.28,599.14,1.00,2.31,4.14,5.92,7.26,1.00,1498.69,74.60,0.00,0.01,0.00
10000,5,0,500,0,3,0,900,10330.45,1769.53,0.00,1.00,3.00,13.01,77.84,606.03,30014.80,1.00,3.00,12.96,77.28,599.14,1.00,2.31,4.14,5.92,7.26,1.00,1498.69,74.60,0.00,0.01,0.00
5000,5,0,750,1,10,1,900,5527.25,237.16,0.00,1.00,9.99,129.17,2176.50,46181.44,48470.00,1.00,12.43,200.38,4077.27,99906.56,1.00,9.90,77.83,533.10,3337.30,1.00,7839.19,1456.50,1480.00,0.01,0.00
5000,5,0,750,1,10,0,900,4817.77,265.11,0.00,1.00,9.99,129.17,2176.50,46181.44,48470.00,1.00,12.43,200.38,4077.27,99906.56,1.00,9.90,77.83,533.10,3337.30,1.00,7839.19,1456.50,1480.00,0.01,0.00
10000,5,0,250,1,3,1,900,11332.74,5558.89,0.00,1.00,3.00,13.01,77.84,606.03,29550.70,1.00,4.17,24.39,187.15,1776.76,1.00,3.16,7.20,12.28,17.01,1.00,579.57,17.09,464.10,0.01,0.00
5000,5,0,500,0,5,0,900,5079.92,460.90,0.00,1.00,4.99,33.81,307.65,3585.47,24950.33,1.00,4.99,33.83,307.78,3583.65,1.00,4.00,12.58,33.35,79.73,1.00,2495.87,247.77,0.00,0.00,0.00
5000,5,0,500,0,5,1,900,5079.92,460.90,0.00,1.00,4.99,33.81,307.65,3585.47,24950.33,1.00,4.99,33.83,307.78,3583.65,1.00,4.00,12.58,33.35,79.73,1.00,2495.87,247.77,0.00,0.00,0.00
20000,5,0,250,1,3,0,882,39659.03,26506.03,0.00,1.00,3.00,12.99,77.85,609.36,59512.05,1.00,4.19,24.60,189.94,1823.62,1.00,3.17,7.23,12.32,17.08,0.98,583.28,8.59,464.42,0.02,0.01
10000,5,0,250,1,3,0,900,18046.96,9498.36,0.00,1.00,3.00,13.01,77.84,606.03,29550.70,1.00,4.17,24.39,187.15,1776.76,1.00,3.16,7.20,12.28,17.01,1.00,579.57,17.09,464.10,0.01,0.00
20000,5,0,250,1,3,1,882,25084.73,16444.97,0.00,1.00,3.00,12.99,77.85,609.36,59512.05,1.00,4.19,24.60,189.94,1823.62,1.00,3.17,7.23,12.32,17.08,0.98,583.28,8.59,464.42,0.02,0.00
20000,5,0,500,1,5,0,900,23211.18,4448.12,0.00,1.00,5.00,33.96,310.55,3663.51,99009.27,1.00,6.71,60.65,707.00,10130.65,1.00,5.20,19.96,61.02,161.15,1.00,2376.85,75.01,980.00,0.02,0.00
20000,5,0,500,1,10,0,900,18436.19,2466.47,0.00,1.00,10.00,129.76,2212.34,48140.79,198970.00,1.00,12.82,215.59,4631.91,121433.01,1.00,10.11,80.60,556.76,3505.29,1.00,5428.22,177.34,980.00,0.03,0.01
20000,5,0,500,1,5,1,900,19460.15,3457.10,0.00,1.00,5.00,33.96,310.55,3663.51,99009.27,1.00,6.71,60.65,707.00,10130.65,1.00,5.20,19.96,61.02,161.15,1.00,2376.85,75.01,980.00,0.02,0.00
20000,5,0,500,1,10,1,900,21590.76,2607.33,0.00,1.00,10.00,129.76,2212.34,48140.79,198970.00,1.00,12.82,215.59,4631.91,121433.01,1.00,10.11,80.60,556.76,3505.29,1.00,5428.22,177.34,980.00,0.03,0.00
5000,5,0,500,1,3,1,900,5012.44,629.92,0.00,1.00,3.00,12.93,76.67,589.15,14063.97,1.00,4.07,22.99,169.83,1547.41,1.00,3.09,6.95,11.69,16.00,1.00,1112.11,127.42,920.77,0.00,0.00
10000,5,0,250,0,5,0,900,10748.71,3179.82,0.00,1.00,5.00,33.95,310.63,3663.40,49974.00,1.00,4.99,33.94,312.31,3735.81,1.00,4.00,12.59,33.37,79.80,1.00,1248.21,31.16,0.00,0.01,0.00
10000,5,0,250,0,5,1,900,10748.71,3179.82,0.00,1.00,5.00,33.95,310.63,3663.40,49974.00,1.00,4.99,33.94,312.31,3735.81,1.00,4.00,12.59,33.37,79.80,1.00,1248.21,31.16,0.00,0.01,0.00
5000,5,0,500,1,3,0,900,8151.16,1156.93,0.00,1.00,3.00,12.93,76.67,589.15,14063.97,1.00,4.07,22.99,169.83,1547.41,1.00,3.09,6.95,11.69,16.00,1.00,1112.11,127.42,920.77,0.00,0.00
5000,5,0,750,0,5,0,900,5016.96,274.81,0.00,1.00,4.99,33.81,307.65,3585.47,24950.33,1.00,4.99,33.87,308.33,3594.46,1.00,4.00,12.59,33.35,79.68,1.00,3745.96,561.90,0.00,0.01,0.00
10000,5,0,750,0,10,0,900,10087.00,591.92,0.00,1.00,9.99,129.53,2198.04,47316.50,99950.00,1.00,10.00,129.48,2194.20,47148.65,1.00,8.25,57.11,358.79,2119.57,1.00,7497.62,559.58,0.00,0.01,0.00
10000,5,0,750,1,3,0,900,15840.10,2077.81,0.00,1.00,3.00,13.01,77.84,606.03,28627.82,1.00,4.12,23.76,180.05,1687.44,1.00,3.12,7.03,11.86,16.26,1.00,1703.58,149.02,1386.98,0.01,0.00
20000,5,0,250,0,5,1,900,24037.51,13474.40,0.00,1.00,5.00,33.96,310.55,3663.51,99989.27,1.00,5.00,33.88,309.44,3646.55,1.00,4.00,12.63,33.57,80.52,1.00,1248.79,15.30,0.00,0.02,0.00
10000,5,0,750,1,3,1,900,9929.96,1163.50,0.00,1.00,3.00,13.01,77.84,606.03,28627.82,1.00,4.12,23.76,180.05,1687.44,1.00,3.12,7.03,11.86,16.26,1.00,1703.58,149.02,1386.98,0.01,0.00
20000,5,0,250,0,5,0,900,24037.51,13474.40,0.00,1.00,5.00,33.96,310.55,3663.51,99989.27,1.00,5.00,33.88,309.44,3646.55,1.00,4.00,12.63,33.57,80.52,1.00,1248.79,15.30,0.00,0.02,0.00
10000,5,0,750,0,10,1,900,10087.00,591.92,0.00,1.00,9.99,129.53,2198.04,47316.50,99950.00,1.00,10.00,129.48,2194.20,47148.65,1.00,8.25,57.11,358.79,2119.57,1.00,7497.62,559.58,0.00,0.01,0.00
10000,5,0,750,0,5,1,900,10075.47,839.62,0.00,1.00,5.00,33.95,310.63,3663.40,49974.00,1.00,5.00,33.94,310.65,3666.38,1.00,4.00,12.57,33.26,79.38,1.00,3747.14,280.96,0.00,0.01,0.00
10000,5,0,500,1,3,0,900,16123.77,3181.82,0.00,1.00,3.00,13.01,77.84,606.03,29087.52,1.00,4.14,23.98,181.81,1698.33,1.00,3.14,7.12,12.07,16.63,1.00,1144.90,66.76,927.28,0.01,0.00
10000,5,0,750,0,5,0,900,10075.47,839.62,0.00,1.00,5.00,33.95,310.63,3663.40,49974.00,1.00,5.00,33.94,310.65,3666.38,1.00,4.00,12.57,33.26,79.38,1.00,3747.14,280.96,0.00,0.01,0.00
10000,5,0,500,1,3,1,900,10121.98,1855.22,0.00,1.00,3.00,13.01,77.84,606.03,29087.52,1.00,4.14,23.98,181.81,1698.33,1.00,3.14,7.12,12.07,16.63,1.00,1144.90,66.76,927.28,0.01,0.00
20000,5,0,500,0,10,1,900,20298.61,2566.09,0.00,1.00,10.00,129.76,2212.34,48140.79,199950.00,1.00,10.01,129.95,2216.36,48245.99,1.00,8.25,57.15,359.22,2123.49,1.00,5003.11,125.22,0.00,0.03,0.00
20000,5,0,500,0,10,0,900,20298.61,2566.09,0.00,1.00,10.00,129.76,2212.34,48140.79,199950.00,1.00,10.01,129.95,2216.36,48245.99,1.00,8.25,57.15,359.22,2123.49,1.00,5003.11,125.22,0.00,0.03,0.00
40000,5,0,500,0,10,1,900,40954.06,7420.67,0.00,1.00,10.00,129.89,2221.07,48630.94,399950.00,1.00,10.00,129.99,2223.61,48647.37,1.00,8.25,57.06,358.33,2116.70,1.00,5000.52,63.03,0.00,0.05,0.00
20000,5,0,750,1,5,1,900,19154.82,2142.91,0.00,1.00,5.00,33.96,310.55,3663.51,98509.27,1.00,6.70,60.23,698.70,9957.83,1.00,5.19,19.90,60.78,160.30,1.00,3541.31,167.34,1480.00,0.03,0.00
40000,5,0,500,0,10,0,900,40954.06,7420.67,0.00,1.00,10.00,129.89,2221.07,48630.94,399950.00,1.00,10.00,129.99,2223.61,48647.37,1.00,8.25,57.06,358.33,2116.70,1.00,5000.52,63.03,0.00,0.05,0.02
40000,5,0,500,0,5,0,900,42585.52,13074.00,0.00,1.00,5.00,34.00,312.32,3724.07,200010.67,1.00,5.00,33.97,311.98,3716.99,1.00,4.00,12.61,33.44,79.98,1.00,2498.87,31.61,0.00,0.05,0.00
40000,5,0,250,1,3,1,788,45463.36,24441.68,0.00,1.00,3.00,12.99,77.78,607.10,119547.72,1.00,4.21,24.78,191.96,1846.85,1.00,3.18,7.28,12.45,17.30,0.89,586.39,4.34,465.34,0.04,0.00
40000,5,0,250,1,3,0,788,71381.65,38547.18,0.00,1.00,3.00,12.99,77.78,607.10,119547.72,1.00,4.21,24.78,191.96,1846.85,1.00,3.18,7.28,12.45,17.30,0.89,586.39,4.34,465.34,0.04,0.00
20000,5,0,750,1,5,0,900,22881.63,2848.31,0.00,1.00,5.00,33.96,310.55,3663.51,98509.27,1.00,6.70,60.23,698.70,9957.83,1.00,5.19,19.90,60.78,160.30,1.00,3541.31,167.34,1480.00,0.03,0.00
40000,5,0,500,0,5,1,900,42585.52,13074.00,0.00,1.00,5.00,34.00,312.32,3724.07,200010.67,1.00,5.00,33.97,311.98,3716.99,1.00,4.00,12.61,33.44,79.98,1.00,2498.87,31.61,0.00,0.05,0.00
5000,5,0,750,1,3,1,900,5016.78,405.71,0.00,1.00,3.00,12.93,76.67,589.15,13612.66,1.00,4.01,22.33,162.63,1463.13,1.00,3.06,6.80,11.35,15.45,1.00,1634.29,275.74,1372.07,0.01,0.00
5000,5,0,250,0,10,1,900,5129.48,658.78,0.00,1.00,9.99,129.17,2176.50,46181.44,49950.00,1.00,10.01,129.79,2196.61,46873.90,1.00,8.25,57.13,358.83,2119.62,1.00,2501.96,124.03,0.00,0.00,0.00
20000,5,0,250,0,10,0,900,21558.67,6415.46,0.00,1.00,10.00,129.76,2212.34,48140.79,199950.00,1.00,10.01,130.15,2225.84,48650.85,1.00,8.26,57.18,359.55,2126.79,1.00,2502.24,31.10,0.00,0.02,0.00
5000,5,0,750,1,3,0,900,8258.25,782.56,0.00,1.00,3.00,12.93,76.67,589.15,13612.66,1.00,4.01,22.33,162.63,1463.13,1.00,3.06,6.80,11.35,15.45,1.00,1634.29,275.74,1372.07,0.01,0.00
5000,5,0,250,0,10,0,900,5129.48,658.78,0.00,1.00,9.99,129.17,2176.50,46181.44,49950.00,1.00,10.01,129.79,2196.61,46873.90,1.00,8.25,57.13,358.83,2119.62,1.00,2501.96,124.03,0.00,0.00,0.00
20000,5,0,250,0,10,1,900,21558.67,6415.46,0.00,1.00,10.00,129.76,2212.34,48140.79,199950.00,1.00,10.01,130.15,2225.84,48650.85,1.00,8.26,57.18,359.55,2126.79,1.00,2502.24,31.10,0.00,0.02,0.00
40000,5,0,250,0,10,0,900,47165.42,22537.34,0.00,1.00,10.00,129.89,2221.07,48630.94,399950.00,1.00,9.99,129.41,2201.82,47825.10,1.00,8.24,57.00,357.98,2114.97,1.00,2496.49,15.39,0.00,0.05,0.01
40000,5,0,250,0,10,1,900,47165.42,22537.34,0.00,1.00,10.00,129.89,2221.07,48630.94,399950.00,1.00,9.99,129.41,2201.82,47825.10,1.00,8.24,57.00,357.98,2114.97,1.00,2496.49,15.39,0.00,0.05,0.01
20000,5,0,750,0,3,0,900,20365.77,3026.88,0.00,1.00,3.00,12.99,77.85,609.36,59976.47,1.00,3.00,13.01,77.99,610.89,1.00,2.31,4.15,5.92,7.25,1.00,2251.37,84.67,0.00,0.02,0.00
40000,5,0,250,0,5,0,880,54617.65,36410.12,0.00,1.00,5.00,34.00,312.32,3724.07,200010.67,1.00,5.01,34.18,315.17,3769.74,1.00,4.01,12.65,33.61,80.57,0.98,1252.50,7.63,0.00,0.05,0.00
20000,5,0,750,0,3,1,900,20365.77,3026.88,0.00,1.00,3.00,12.99,77.85,609.36,59976.47,1.00,3.00,13.01,77.99,610.89,1.00,2.31,4.15,5.92,7.25,1.00,2251.37,84.67,0.00,0.02,0.00
10000,5,0,250,0,10,1,900,10347.73,1927.67,0.00,1.00,9.99,129.53,2198.04,47316.50,99950.00,1.00,10.00,129.84,2208.46,47706.51,1.00,8.26,57.21,359.80,2128.06,1.00,2501.24,62.46,0.00,0.01,0.00
10000,5,0,250,0,10,0,900,10347.73,1927.67,0.00,1.00,9.99,129.53,2198.04,47316.50,99950.00,1.00,10.00,129.84,2208.46,47706.51,1.00,8.26,57.21,359.80,2128.06,1.00,2501.24,62.46,0.00,0.01,0.00
5000,5,0,750,0,10,0,900,5009.40,209.60,0.00,1.00,9.99,129.17,2176.50,46181.44,49950.00,1.00,9.99,129.07,2175.82,46228.43,1.00,8.24,56.93,356.94,2105.14,1.00,7488.77,1123.61,0.00,0.01,0.00
5000,5,0,750,0,10,1,900,5009.40,209.60,0.00,1.00,9.99,129.17,2176.50,46181.44,49950.00,1.00,9.99,129.07,2175.82,46228.43,1.00,8.24,56.93,356.94,2105.14,1.00,7488.77,1123.61,0.00,0.01,0.00
5000,5,0,750,0,5,1,900,5016.96,274.81,0.00,1.00,4.99,33.81,307.65,3585.47,24950.33,1.00,4.99,33.87,308.33,3594.46,1.00,4.00,12.59,33.35,79.68,1.00,3745.96,561.90,0.00,0.01,0.00
40000,5,0,250,0,5,1,880,54617.65,36410.12,0.00,1.00,5.00,34.00,312.32,3724.07,200010.67,1.00,5.01,34.18,315.17,3769.74,1.00,4.01,12.65,33.61,80.57,0.98,1252.50,7.63,0.00,0.05,0.01
10000,5,0,250,1,10,1,900,11133.11,1926.74,0.00,1.00,9.99,129.53,2198.04,47316.50,99470.00,1.00,12.73,212.31,4506.35,116029.73,1.00,10.06,79.91,550.78,3462.47,1.00,2702.33,86.43,480.00,0.01,0.00
20000,5,0,500,0,5,0,900,20705.15,3971.73,0.00,1.00,5.00,33.96,310.55,3663.51,99989.27,1.00,5.00,34.00,311.15,3663.85,1.00,4.00,12.61,33.47,80.10,1.00,2500.51,62.52,0.00,0.02,0.00
10000,5,0,250,1,10,0,900,9574.66,1827.72,0.00,1.00,9.99,129.53,2198.04,47316.50,99470.00,1.00,12.73,212.31,4506.35,116029.73,1.00,10.06,79.91,550.78,3462.47,1.00,2702.33,86.43,480.00,0.01,0.01
20000,5,0,500,0,5,1,900,20705.15,3971.73,0.00,1.00,5.00,33.96,310.55,3663.51,99989.27,1.00,5.00,34.00,311.15,3663.85,1.00,4.00,12.61,33.47,80.10,1.00,2500.51,62.52,0.00,0.02,0.00
5000,5,0,250,1,3,1,900,5310.89,1566.78,0.00,1.00,3.00,12.93,76.67,589.15,14522.24,1.00,4.12,23.65,177.06,1632.47,1.00,3.13,7.11,12.09,16.73,1.00,568.61,32.76,462.49,0.00,0.00
20000,5,0,750,0,10,0,900,20214.26,1734.51,0.00,1.00,10.00,129.76,2212.34,48140.79,199950.00,1.00,9.99,129.59,2205.40,47844.91,1.00,8.25,57.03,358.00,2113.74,1.00,7495.66,280.21,0.00,0.03,0.00
5000,5,0,250,1,3,0,900,8570.11,2735.57,0.00,1.00,3.00,12.93,76.67,589.15,14522.24,1.00,4.12,23.65,177.06,1632.47,1.00,3.13,7.11,12.09,16.73,1.00,568.61,32.76,462.49,0.00,0.00
20000,5,0,750,0,10,1,900,20214.26,1734.51,0.00,1.00,10.00,129.76,2212.34,48140.79,199950.00,1.00,9.99,129.59,2205.40,47844.91,1.00,8.25,57.03,358.00,2113.74,1.00,7495.66,280.21,0.00,0.03,0.00
5000,5,0,250,0,5,0,900,5222.87,999.64,0.00,1.00,4.99,33.81,307.65,3585.47,24950.33,1.00,4.98,33.67,305.08,3540.08,1.00,3.99,12.58,33.37,79.88,1.00,1245.73,61.76,0.00,0.00,0.00
5000,5,0,250,0,5,1,900,5222.87,999.64,0.00,1.00,4.99,33.81,307.65,3585.47,24950.33,1.00,4.98,33.67,305.08,3540.08,1.00,3.99,12.58,33.37,79.88,1.00,1245.73,61.76,0.00,0.00,0.00
5000,5,0,500,1,10,0,900,4764.97,391.47,0.00,1.00,9.99,129.17,2176.50,46181.44,48970.00,1.00,12.55,204.65,4213.81,104454.14,1.00,9.97,78.75,540.89,3391.70,1.00,5292.98,663.95,980.00,0.01,0.00
40000,5,0,750,1,5,1,900,38912.47,6766.15,0.00,1.00,5.00,34.00,312.32,3724.07,198530.67,1.00,6.73,61.10,720.01,10518.09,1.00,5.21,20.02,61.26,161.79,1.00,3567.57,84.63,1480.00,0.05,0.00
5000,5,0,500,1,10,1,900,5497.73,364.38,0.00,1.00,9.99,129.17,2176.50,46181.44,48970.00,1.00,12.55,204.65,4213.81,104454.14,1.00,9.97,78.75,540.89,3391.70,1.00,5292.98,663.95,980.00,0.01,0.00
40000,5,0,750,0,3,1,900,42300.76,10727.53,0.00,1.00,3.00,12.99,77.78,607.10,120013.07,1.00,3.00,12.97,77.53,603.07,1.00,2.31,4.14,5.91,7.25,1.00,2248.54,42.04,0.00,0.05,0.00
40000,5,0,750,1,5,0,900,46239.92,8501.97,0.00,1.00,5.00,34.00,312.32,3724.07,198530.67,1.00,6.73,61.10,720.01,10518.09,1.00,5.21,20.02,61.26,161.79,1.00,3567.57,84.63,1480.00,0.05,0.00
40000,5,0,750,0,3,0,900,42300.76,10727.53,0.00,1.00,3.00,12.99,77.78,607.10,120013.07,1.00,3.00,12.97,77.53,603.07,1.00,2.31,4.14,5.91,7.25,1.00,2248.54,42.04,0.00,0.05,0.00
10000,5,0,500,0,10,1,900,10144.06,934.52,0.00,1.00,9.99,129.53,2198.04,47316.50,99950.00,1.00,9.97,129.03,2189.39,47220.83,1.00,8.23,56.91,357.25,2109.73,1.00,4986.57,248.01,0.00,0.01,0.00
20000,5,0,750,1,10,0,900,18381.48,1768.64,0.00,1.00,10.00,129.76,2212.34,48140.79,198470.00,1.00,12.81,215.28,4622.55,121067.22,1.00,10.10,80.44,555.11,3491.15,1.00,8124.91,396.21,1480.00,0.03,0.00
10000,5,0,500,0,10,0,900,10144.06,934.52,0.00,1.00,9.99,129.53,2198.04,47316.50,99950.00,1.00,9.97,129.03,2189.39,47220.83,1.00,8.23,56.91,357.25,2109.73,1.00,4986.57,248.01,0.00,0.01,0.00
40000,5,0,500,1,3,0,900,71657.20,40018.42,0.00,1.00,3.00,12.99,77.78,607.10,119081.83,1.00,4.19,24.56,188.89,1799.69,1.00,3.17,7.21,12.26,16.92,1.00,1163.57,17.12,931.23,0.05,0.00
20000,5,0,750,1,10,1,900,21544.23,1814.99,0.00,1.00,10.00,129.76,2212.34,48140.79,198470.00,1.00,12.81,215.28,4622.55,121067.22,1.00,10.10,80.44,555.11,3491.15,1.00,8124.91,396.21,1480.00,0.03,0.00
40000,5,0,500,1,3,1,900,45483.51,24890.25,0.00,1.00,3.00,12.99,77.78,607.10,119081.83,1.00,4.19,24.56,188.89,1799.69,1.00,3.17,7.21,12.26,16.92,1.00,1163.57,17.12,931.23,0.05,0.00
10000,5,0,250,0,3,0,900,11471.25,5499.62,0.00,1.00,3.00,13.01,77.84,606.03,30014.80,1.00,3.00,13.01,78.15,612.80,1.00,2.32,4.16,5.95,7.32,1.00,750.09,18.65,0.00,0.01,0.00
10000,5,0,250,0,3,1,900,11471.25,5499.62,0.00,1.00,3.00,13.01,77.84,606.03,30014.80,1.00,3.00,13.01,78.15,612.80,1.00,2.32,4.16,5.95,7.32,1.00,750.09,18.65,0.00,0.01,0.00
10000,5,0,250,1,5,1,900,10072.00,2796.84,0.00,1.00,5.00,33.95,310.63,3663.40,49494.00,1.00,6.67,60.03,697.23,9937.04,1.00,5.17,19.73,60.12,158.57,1.00,1188.53,37.36,480.00,0.01,0.00
10000,5,0,500,0,5,1,900,10165.78,1305.42,0.00,1.00,5.00,33.95,310.63,3663.40,49974.00,1.00,5.01,34.10,313.19,3711.59,1.00,4.00,12.60,33.36,79.67,1.00,2502.55,125.09,0.00,0.01,0.00
10000,5,0,250,1,5,0,900,12110.82,3619.19,0.00,1.00,5.00,33.95,310.63,3663.40,49494.00,1.00,6.67,60.03,697.23,9937.04,1.00,5.17,19.73,60.12,158.57,1.00,1188.53,37.36,480.00,0.01,0.00
10000,5,0,500,0,5,0,900,10165.78,1305.42,0.00,1.00,5.00,33.95,310.63,3663.40,49974.00,1.00,5.01,34.10,313.19,3711.59,1.00,4.00,12.60,33.36,79.67,1.00,2502.55,125.09,0.00,0.01,0.00
5000,5,0,500,0,10,1,900,5027.90,327.21,0.00,1.00,9.99,129.17,2176.50,46181.44,49950.00,1.00,9.98,128.71,2157.67,45425.30,1.00,8.24,57.02,357.90,2112.91,1.00,4990.61,498.65,0.00,0.01,0.00
5000,5,0,500,0,10,0,900,5027.90,327.21,0.00,1.00,9.99,129.17,2176.50,46181.44,49950.00,1.00,9.98,128.71,2157.67,45425.30,1.00,8.24,57.02,357.90,2112.91,1.00,4990.61,498.65,0.00,0.01,0.00
5000,5,0,500,0,3,0,900,5044.09,537.97,0.00,1.00,3.00,12.93,76.67,589.15,14984.73,1.00,3.00,12.94,76.78,589.51,1.00,2.32,4.15,5.92,7.26,1.00,1499.68,150.42,0.00,0.00,0.00
5000,5,0,500,0,3,1,900,5044.09,537.97,0.00,1.00,3.00,12.93,76.67,589.15,14984.73,1.00,3.00,12.94,76.78,589.51,1.00,2.32,4.15,5.92,7.26,1.00,1499.68,150.42,0.00,0.00,0.00
10000,5,0,500,1,10,0,900,9320.26,1005.45,0.00,1.00,9.99,129.53,2198.04,47316.50,98970.00,1.00,12.70,210.75,4442.37,113535.31,1.00,10.06,79.98,551.77,3470.68,1.00,5370.82,345.36,980.00,0.01,0.00
20000,5,0,500,1,3,0,900,32942.69,9844.54,0.00,1.00,3.00,12.99,77.85,609.36,59046.56,1.00,4.17,24.38,187.32,1786.59,1.00,3.16,7.19,12.21,16.85,1.00,1157.23,34.29,929.90,0.02,0.00
20000,5,0,500,1,3,1,900,20817.44,5913.95,0.00,1.00,3.00,12.99,77.85,609.36,59046.56,1.00,4.17,24.38,187.32,1786.59,1.00,3.16,7.19,12.21,16.85,1.00,1157.23,34.29,929.90,0.02,0.00
10000,5,0,500,1,10,1,900,10839.90,1004.14,0.00,1.00,9.99,129.53,2198.04,47316.50,98970.00,1.00,12.70,210.75,4442.37,113535.31,1.00,10.06,79.98,551.77,3470.68,1.00,5370.82,345.36,980.00,0.01,0.00
20000,5,0,250,1,5,0,900,26021.51,14481.80,0.00,1.00,5.00,33.96,310.55,3663.51,99509.27,1.00,6.69,60.32,702.92,10071.31,1.00,5.18,19.76,60.15,158.43,1.00,1192.28,18.90,480.00,0.02,0.00
40000,5,0,500,1,10,1,900,43685.22,7665.47,0.00,1.00,10.00,129.89,2221.07,48630.94,398970.00,1.00,12.85,217.27,4705.39,124888.84,1.00,10.13,80.75,557.64,3508.63,1.00,5446.61,89.34,980.00,0.05,0.02
20000,5,0,250,1,5,1,900,21695.62,11793.13,0.00,1.00,5.00,33.96,310.55,3663.51,99509.27,1.00,6.69,60.32,702.92,10071.31,1.00,5.18,19.76,60.15,158.43,1.00,1192.28,18.90,480.00,0.02,0.00
40000,5,0,500,1,10,0,900,37216.81,6895.76,0.00,1.00,10.00,129.89,2221.07,48630.94,398970.00,1.00,12.85,217.27,4705.39,124888.84,1.00,10.13,80.75,557.64,3508.63,1.00,5446.61,89.34,980.00,0.05,0.00
5000,5,0,500,1,5,1,900,4855.09,452.75,0.00,1.00,4.99,33.81,307.65,3585.47,23970.33,1.00,6.56,57.75,652.44,8969.44,1.00,5.10,19.34,58.64,154.00,1.00,2300.91,281.86,980.00,0.01,0.00
5000,5,0,500,1,5,0,900,5901.03,650.64,0.00,1.00,4.99,33.81,307.65,3585.47,23970.33,1.00,6.56,57.75,652.44,8969.44,1.00,5.10,19.34,58.64,154.00,1.00,2300.91,281.86,980.00,0.01,0.00
5000,5,0,750,0,3,1,900,5052.73,351.79,0.00,1.00,3.00,12.93,76.67,589.15,14984.73,1.00,2.99,12.87,76.15,583.04,1.00,2.31,4.13,5.90,7.22,1.00,2243.67,334.81,0.00,0.01,0.00
5000,5,0,750,0,3,0,900,5052.73,351.79,0.00,1.00,3.00,12.93,76.67,589.15,14984.73,1.00,2.99,12.87,76.15,583.04,1.00,2.31,4.13,5.90,7.22,1.00,2243.67,334.81,0.00,0.01,0.00
5000,5,0,250,1,10,0,900,4748.80,690.19,0.00,1.00,9.99,129.17,2176.50,46181.44,49470.00,1.00,12.65,208.39,4332.75,108262.26,1.00,10.03,79.50,547.28,3437.25,1.00,2682.09,170.68,480.00,0.00,0.00
10000,5,0,750,1,5,0,900,11573.55,1118.04,0.00,1.00,5.00,33.95,310.63,3663.40,48494.00,1.00,6.63,59.13,680.23,9605.20,1.00,5.15,19.62,59.69,156.87,1.00,3494.29,325.78,1480.00,0.01,0.00
20000,5,0,250,0,3,1,895,25007.03,16483.45,0.00,1.00,3.00,12.99,77.85,609.36,59976.47,1.00,3.00,12.96,77.19,597.01,1.00,2.32,4.16,5.96,7.33,0.99,749.96,9.58,0.00,0.02,0.01
20000,5,0,250,1,10,1,900,22574.61,5668.92,0.00,1.00,10.00,129.76,2212.34,48140.79,199470.00,1.00,12.76,213.87,4583.06,120078.90,1.00,10.08,80.22,553.56,3482.61,1.00,2710.94,43.99,480.00,0.02,0.00
5000,5,0,250,1,10,1,900,5497.53,704.21,0.00,1.00,9.99,129.17,2176.50,46181.44,49470.00,1.00,12.65,208.39,4332.75,108262.26,1.00,10.03,79.50,547.28,3437.25,1.00,2682.09,170.68,480.00,0.00,0.00
10000,5,0,750,1,5,1,900,9618.72,791.93,0.00,1.00,5.00,33.95,310.63,3663.40,48494.00,1.00,6.63,59.13,680.23,9605.20,1.00,5.15,19.62,59.69,156.87,1.00,3494.29,325.78,1480.00,0.01,0.00
20000,5,0,250,1,10,0,900,19394.71,5146.55,0.00,1.00,10.00,129.76,2212.34,48140.79,199470.00,1.00,12.76,213.87,4583.06,120078.90,1.00,10.08,80.22,553.56,3482.61,1.00,2710.94,43.99,480.00,0.02,0.01
5000,5,0,750,1,5,1,900,4879.33,273.56,0.00,1.00,4.99,33.81,307.65,3585.47,23470.37,1.00,6.49,56.31,626.61,8492.36,1.00,5.06,19.11,57.80,151.45,1.00,3387.23,612.64,1479.96,0.01,0.00
5000,5,0,750,1,5,0,900,5993.80,420.03,0.00,1.00,4.99,33.81,307.65,3585.47,23470.37,1.00,6.49,56.31,626.61,8492.36,1.00,5.06,19.11,57.80,151.45,1.00,3387.23,612.64,1479.96,0.01,0.00
10000,5,0,750,0,3,0,900,10158.44,1104.48,0.00,1.00,3.00,13.01,77.84,606.03,30014.80,1.00,3.01,13.03,78.10,609.10,1.00,2.32,4.15,5.93,7.27,1.00,2253.78,168.38,0.00,0.01,0.00
10000,5,0,750,0,3,1,900,10158.44,1104.48,0.00,1.00,3.00,13.01,77.84,606.03,30014.80,1.00,3.01,13.03,78.10,609.10,1.00,2.32,4.15,5.93,7.27,1.00,2253.78,168.38,0.00,0.01,0.00
10000,5,0,500,1,5,0,900,11440.96,1532.12,0.00,1.00,5.00,33.95,310.63,3663.40,48994.00,1.00,6.66,59.73,691.41,9824.57,1.00,5.16,19.70,59.98,157.85,1.00,2350.55,148.40,980.00,0.01,0.00
40000,5,0,250,1,10,1,900,48358.95,21723.50,0.00,1.00,10.00,129.89,2221.07,48630.94,399470.00,1.00,12.84,217.30,4725.16,126134.33,1.00,10.11,80.43,555.05,3493.13,1.00,2728.99,22.29,480.00,0.05,0.01
20000,5,0,250,0,3,0,895,25007.03,16483.45,0.00,1.00,3.00,12.99,77.85,609.36,59976.47,1.00,3.00,12.96,77.19,597.01,1.00,2.32,4.16,5.96,7.33,0.99,749.96,9.58,0.00,0.02,0.00
40000,5,0,250,1,10,0,900,41339.86,19005.28,0.00,1.00,10.00,129.89,2221.07,48630.94,399470.00,1.00,12.84,217.30,4725.16,126134.33,1.00,10.11,80.43,555.05,3493.13,1.00,2728.99,22.29,480.00,0.05,0.01
10000,5,0,500,1,5,1,900,9544.81,1142.08,0.00,1.00,5.00,33.95,310.63,3663.40,48994.00,1.00,6.66,59.73,691.41,9824.57,1.00,5.16,19.70,59.98,157.85,1.00,2350.55,148.40,980.00,0.01,0.00
10000,5,0,750,1,10,1,900,10845.34,649.47,0.00,1.00,9.99,129.53,2198.04,47316.50,98470.00,1.00,12.68,210.14,4422.25,112823.35,1.00,10.04,79.71,549.07,3449.34,1.00,8032.70,770.61,1480.00,0.02,0.00
10000,5,0,750,1,10,0,900,9318.61,674.14,0.00,1.00,9.99,129.53,2198.04,47316.50,98470.00,1.00,12.68,210.14,4422.25,112823.35,1.00,10.04,79.71,549.07,3449.34,1.00,8032.70,770.61,1480.00,0.02,0.00
40000,5,0,750,1,10,0,900,36245.21,4470.10,0.00,1.00,10.00,129.89,2221.07,48630.94,398470.00,1.00,12.89,218.69,4750.93,126362.34,1.00,10.15,81.04,560.21,3527.44,1.00,8189.38,203.45,1480.00,0.06,0.00
40000,5,0,750,1,10,1,900,42674.07,4789.29,0.00,1.00,10.00,129.89,2221.07,48630.94,398470.00,1.00,12.89,218.69,4750.93,126362.34,1.00,10.15,81.04,560.21,3527.44,1.00,8189.38,203.45,1480.00,0.06,0.00
40000,5,0,500,0,3,1,899,46295.65,25525.98,0.00,1.00,3.00,12.99,77.78,607.10,120013.07,1.00,3.00,13.00,77.87,606.85,1.00,2.31,4.14,5.92,7.26,1.00,1500.29,18.81,0.00,0.05,0.00
40000,5,0,500,0,3,0,899,46295.65,25525.98,0.00,1.00,3.00,12.99,77.78,607.10,120013.07,1.00,3.00,13.00,77.87,606.85,1.00,2.31,4.14,5.92,7.26,1.00,1500.29,18.81,0.00,0.05,0.00
20000,5,0,750,1,3,1,900,20148.94,3338.73,0.00,1.00,3.00,12.99,77.85,609.36,58583.00,1.00,4.16,24.26,186.11,1775.82,1.00,3.15,7.15,12.11,16.65,1.00,1728.37,75.92,1393.47,0.02,0.00
40000,5,0,250,1,5,1,886,48075.36,30356.35,0.00,1.00,5.00,34.00,312.32,3724.07,199530.67,1.00,6.71,60.81,716.01,10433.63,1.00,5.19,19.86,60.64,160.19,0.98,1197.00,9.42,480.00,0.05,0.01
40000,5,0,250,1,5,0,886,57547.22,37056.52,0.00,1.00,5.00,34.00,312.32,3724.07,199530.67,1.00,6.71,60.81,716.01,10433.63,1.00,5.19,19.86,60.64,160.19,0.98,1197.00,9.42,480.00,0.05,0.00
20000,5,0,750,1,3,0,900,31893.00,5727.76,0.00,1.00,3.00,12.99,77.85,609.36,58583.00,1.00,4.16,24.26,186.11,1775.82,1.00,3.15,7.15,12.11,16.65,1.00,1728.37,75.92,1393.47,0.02,0.00
40000,5,0,250,0,3,1,821,50289.98,28288.24,0.00,1.00,3.00,12.99,77.78,607.10,120013.07,1.00,3.01,13.05,78.12,610.82,1.00,2.32,4.18,5.99,7.37,0.92,752.07,4.68,0.00,0.04,0.00
20000,5,0,750,0,5,0,900,20361.99,2412.60,0.00,1.00,5.00,33.96,310.55,3663.51,99989.27,1.00,5.00,33.95,310.15,3650.52,1.00,4.00,12.61,33.44,79.98,1.00,3750.05,140.09,0.00,0.02,0.00
40000,5,0,250,0,3,0,821,50289.98,28288.24,0.00,1.00,3.00,12.99,77.78,607.10,120013.07,1.00,3.01,13.05,78.12,610.82,1.00,2.32,4.18,5.99,7.37,0.92,752.07,4.68,0.00,0.04,0.00
20000,5,0,750,0,5,1,900,20361.99,2412.60,0.00,1.00,5.00,33.96,310.55,3663.51,99989.27,1.00,5.00,33.95,310.15,3650.52,1.00,4.00,12.61,33.44,79.98,1.00,3750.05,140.09,0.00,0.02,0.00
