# N, G, H, SS, Smp, Alg, Trials, V, dV, naV, dG0, dG1, dG2, dG3, dG4, trueL, dS0, dS1, dS2, dS3, dS4, dH0, dH1, dH2, dH3, dH4, %good, tK, tM, t2F, T, dT
5000,2,4,500,1,10,2,900,4523.07,351.04,0.00,1.00,10.00,109.02,1279.39,16018.30,49020.40,1.00,10.84,126.65,1578.80,20861.85,1.00,10.04,89.56,698.79,4679.67,1.00,4441.46,906.84,980.00,0.01,0.00
20000,2,7,500,1,5,2,900,17499.06,3927.06,0.00,1.00,5.00,29.01,189.07,1358.11,99044.13,1.00,5.77,37.41,267.41,2078.13,1.00,5.13,21.61,70.53,173.56,1.00,1904.14,74.57,980.00,0.02,0.00
40000,2,4,750,1,5,2,900,13018.68,2096.84,0.00,1.00,5.00,28.99,188.78,1354.08,198494.80,1.00,5.78,37.52,268.53,2088.42,1.00,5.14,21.69,70.93,173.54,1.00,2852.83,528.42,1480.00,0.03,0.00
40000,2,4,500,1,10,2,900,14716.44,2924.82,0.00,1.00,10.00,109.03,1279.49,16018.58,399077.33,1.00,10.88,127.36,1591.68,21081.63,1.00,10.07,90.33,710.10,4801.44,1.00,4457.58,570.73,980.00,0.03,0.00
10000,2,7,250,1,10,2,900,9933.87,2108.26,0.00,1.00,9.99,108.90,1278.19,16019.30,99455.13,1.00,10.85,126.99,1587.36,21052.86,1.00,10.04,89.73,704.62,4814.46,1.00,2233.34,71.33,480.00,0.01,0.00
40000,2,7,500,1,10,2,900,32698.19,7200.46,0.00,1.00,10.00,109.03,1279.49,16018.58,399077.33,1.00,10.88,127.43,1592.68,21092.74,1.00,10.07,90.38,710.94,4801.75,1.00,4459.55,122.99,980.00,0.03,0.00
20000,2,10,750,1,3,2,900,21655.80,5121.56,0.00,1.00,3.00,11.02,47.09,227.41,58621.80,1.00,3.62,15.36,73.72,392.58,1.00,3.14,7.97,15.55,23.91,1.00,1288.36,46.81,1429.47,0.02,0.00
40000,2,10,750,1,5,2,900,40152.39,8622.77,0.00,1.00,5.00,28.99,188.78,1354.08,198494.80,1.00,5.78,37.57,269.00,2093.22,1.00,5.14,21.70,70.87,172.68,1.00,2855.86,59.01,1480.00,0.03,0.00
40000,2,10,500,1,10,2,900,39912.30,8669.66,0.00,1.00,10.00,109.03,1279.49,16018.58,399077.33,1.00,10.88,127.38,1591.65,21075.31,1.00,10.07,90.32,709.24,4775.18,1.00,4458.44,64.60,980.00,0.03,0.00
10000,2,4,250,1,10,2,900,7046.78,1507.38,0.00,1.00,9.99,108.90,1278.19,16019.30,99455.13,1.00,10.85,126.88,1585.68,21034.76,1.00,10.04,89.81,707.67,4871.90,1.00,2232.26,185.93,480.00,0.01,0.00
10000,2,4,250,1,5,2,900,6270.59,1787.26,0.00,1.00,5.00,29.02,189.19,1358.12,49534.53,1.00,5.76,37.31,266.51,2069.14,1.00,5.12,21.46,70.03,176.97,1.00,959.47,79.41,480.00,0.01,0.00
40000,2,4,500,1,3,2,900,11428.21,3791.59,0.00,1.00,3.00,11.01,47.05,227.38,119054.58,1.00,3.64,15.45,74.34,396.61,1.00,3.15,8.03,15.76,24.40,1.00,863.60,109.81,954.35,0.03,0.00
5000,2,7,500,1,10,2,900,4959.72,316.48,0.00,1.00,10.00,109.02,1279.39,16018.30,49020.40,1.00,10.85,126.77,1580.96,20897.73,1.00,10.04,89.64,699.81,4694.14,1.00,4444.21,501.96,980.00,0.01,0.00
40000,2,7,750,1,3,2,900,32320.54,11646.67,0.00,1.00,3.00,11.01,47.05,227.38,118576.75,1.00,3.63,15.43,74.21,395.86,1.00,3.15,8.02,15.73,24.29,1.00,1293.15,51.02,1432.19,0.03,0.00
20000,2,7,750,1,10,2,900,18051.34,1716.56,0.00,1.00,10.00,108.91,1277.40,15982.21,198436.40,1.00,10.88,127.37,1591.53,21068.12,1.00,10.07,90.18,706.20,4707.18,1.00,6676.43,396.95,1480.00,0.02,0.00
10000,2,10,250,1,5,2,900,10671.47,3881.22,0.00,1.00,5.00,29.02,189.19,1358.12,49534.53,1.00,5.77,37.50,268.71,2093.15,1.00,5.13,21.55,70.55,179.26,1.00,962.94,24.17,480.00,0.01,0.00
20000,2,10,250,1,5,2,899,25803.33,28414.98,0.00,1.00,5.00,29.01,189.07,1358.11,99544.13,1.00,5.76,37.36,267.09,2076.61,1.00,5.12,21.46,69.96,176.65,1.00,960.30,12.39,480.00,0.01,0.00
20000,2,10,500,1,5,2,900,20312.87,4789.27,0.00,1.00,5.00,29.01,189.07,1358.11,99044.13,1.00,5.77,37.51,268.74,2094.32,1.00,5.14,21.65,70.82,174.86,1.00,1907.25,49.57,980.00,0.02,0.00
10000,2,7,500,1,5,2,900,9357.80,1313.87,0.00,1.00,5.00,29.02,189.19,1358.12,49034.53,1.00,5.76,37.37,266.97,2071.98,1.00,5.12,21.53,70.01,171.38,1.00,1902.02,119.31,980.00,0.01,0.00
10000,2,7,250,1,3,2,897,12047.72,11448.47,0.00,1.00,3.00,10.98,46.91,226.66,29495.58,1.00,3.63,15.37,73.82,393.36,1.00,3.15,8.01,15.76,24.56,1.00,431.39,13.35,475.15,0.01,0.00
5000,2,10,500,1,3,2,900,5298.94,853.72,0.00,1.00,3.00,11.01,47.05,227.26,14058.67,1.00,3.60,15.16,72.40,384.01,1.00,3.12,7.87,15.30,23.49,1.00,852.04,78.72,947.80,0.00,0.00
20000,2,4,750,1,10,2,900,12331.93,1335.61,0.00,1.00,10.00,108.91,1277.40,15982.21,198436.40,1.00,10.87,127.23,1589.13,21033.11,1.00,10.07,90.21,708.08,4740.48,1.00,6672.59,1341.69,1480.00,0.02,0.00
20000,2,4,500,1,3,2,900,9186.36,2631.69,0.00,1.00,3.00,11.02,47.09,227.41,59098.00,1.00,3.63,15.40,73.99,394.33,1.00,3.15,7.99,15.62,24.08,1.00,861.33,117.91,953.26,0.02,0.00
5000,2,7,250,1,5,2,900,4930.22,1050.11,0.00,1.00,5.00,29.05,189.60,1363.64,24537.27,1.00,5.76,37.31,266.90,2077.97,1.00,5.11,21.42,70.01,178.18,1.00,958.94,53.02,480.00,0.00,0.00
10000,2,4,750,1,10,2,900,8153.12,667.67,0.00,1.00,9.99,108.90,1278.19,16019.30,98455.13,1.00,10.85,126.95,1586.08,21023.48,1.00,10.04,89.73,700.22,4647.07,1.00,6660.35,1550.03,1480.00,0.01,0.00
5000,2,7,500,1,3,2,900,5101.17,833.41,0.00,1.00,3.00,11.01,47.05,227.26,14058.76,1.00,3.60,15.16,72.34,383.40,1.00,3.12,7.87,15.30,23.51,1.00,851.94,89.34,947.71,0.00,0.00
40000,2,10,500,1,3,2,898,50125.88,40328.34,0.00,1.00,3.00,11.01,47.05,227.38,119054.94,1.00,3.63,15.44,74.33,396.83,1.00,3.15,8.02,15.71,24.26,1.00,863.19,11.52,953.99,0.03,0.00
10000,2,7,500,1,10,2,900,9642.35,952.60,0.00,1.00,9.99,108.90,1278.19,16019.30,98955.13,1.00,10.86,127.04,1587.18,21034.81,1.00,10.05,89.93,704.95,4738.73,1.00,4449.18,285.07,980.00,0.01,0.00
40000,2,10,250,1,3,2,722,49496.71,37258.60,0.00,1.00,3.00,11.01,47.05,227.38,119533.63,1.00,3.63,15.43,74.25,396.39,1.00,3.15,8.03,15.80,24.63,0.83,432.96,2.82,475.30,0.03,0.00
5000,2,7,250,1,10,2,900,5019.71,710.51,0.00,1.00,10.00,109.02,1279.39,16018.30,49520.40,1.00,10.84,126.62,1578.72,20866.00,1.00,10.03,89.50,701.18,4780.10,1.00,2230.23,125.84,480.00,0.00,0.00
20000,2,4,250,1,5,2,900,9110.24,4157.33,0.00,1.00,5.00,29.01,189.07,1358.11,99544.13,1.00,5.76,37.37,267.35,2080.22,1.00,5.12,21.49,70.15,176.58,1.00,960.42,68.93,480.00,0.01,0.00
5000,2,4,250,1,3,2,900,4208.01,1522.77,0.00,1.00,3.00,11.01,47.05,227.26,14532.33,1.00,3.62,15.32,73.43,390.32,1.00,3.14,7.97,15.64,24.29,1.00,430.95,44.04,474.13,0.00,0.00
10000,2,10,500,1,3,2,900,10955.52,2681.09,0.00,1.00,3.00,10.98,46.91,226.66,29019.13,1.00,3.62,15.31,73.44,391.44,1.00,3.14,7.94,15.52,23.95,1.00,856.64,40.05,951.60,0.01,0.00
20000,2,10,500,1,10,2,900,20266.23,2754.16,0.00,1.00,10.00,108.91,1277.40,15982.21,198936.40,1.00,10.87,127.11,1586.29,20975.07,1.00,10.07,90.22,708.42,4783.09,1.00,4453.11,118.27,980.00,0.02,0.00
5000,2,7,750,1,5,2,900,4831.14,308.66,0.00,1.00,5.00,29.05,189.60,1363.64,23537.33,1.00,5.73,36.95,262.93,2035.88,1.00,5.09,21.22,68.31,164.12,1.00,2816.66,466.10,1479.94,0.01,0.00
10000,2,4,750,1,5,2,900,7100.45,675.52,0.00,1.00,5.00,29.02,189.19,1358.12,48534.53,1.00,5.76,37.33,266.56,2068.25,1.00,5.12,21.53,69.90,169.48,1.00,2841.53,655.91,1480.00,0.01,0.00
20000,2,7,250,1,5,2,898,21575.48,26834.80,0.00,1.00,5.00,29.01,189.07,1358.11,99544.13,1.00,5.76,37.31,266.74,2074.11,1.00,5.11,21.44,70.09,178.09,1.00,959.16,18.79,480.00,0.01,0.00
40000,2,10,250,1,10,2,900,48902.32,62343.52,0.00,1.00,10.00,109.03,1279.49,16018.58,399577.33,1.00,10.87,127.42,1593.79,21130.63,1.00,10.07,90.24,713.41,4924.76,1.00,2238.72,15.79,480.00,0.03,0.00
10000,2,10,750,1,5,2,900,9958.46,915.18,0.00,1.00,5.00,29.02,189.19,1358.12,48534.54,1.00,5.76,37.35,266.60,2067.25,1.00,5.13,21.53,69.82,168.67,1.00,2842.95,212.57,1479.99,0.01,0.00
5000,2,4,500,1,5,2,900,4159.61,440.41,0.00,1.00,5.00,29.05,189.60,1363.64,24037.27,1.00,5.75,37.22,265.60,2061.82,1.00,5.11,21.44,69.72,171.15,1.00,1895.63,382.17,980.00,0.00,0.00
20000,2,4,250,1,10,2,900,10482.28,3002.15,0.00,1.00,10.00,108.91,1277.40,15982.21,199436.40,1.00,10.86,127.06,1586.26,20980.73,1.00,10.05,89.83,705.06,4824.70,1.00,2235.06,160.12,480.00,0.02,0.00
5000,2,4,250,1,10,2,900,4244.40,650.15,0.00,1.00,10.00,109.02,1279.39,16018.30,49520.40,1.00,10.84,126.71,1580.59,20901.82,1.00,10.03,89.50,700.78,4784.53,1.00,2230.99,237.29,480.00,0.00,0.00
10000,2,7,750,1,5,2,900,9335.26,881.19,0.00,1.00,5.00,29.02,189.19,1358.12,48534.55,1.00,5.76,37.31,266.40,2067.04,1.00,5.12,21.52,69.96,169.74,1.00,2840.15,266.26,1479.98,0.01,0.00
40000,2,4,250,1,5,2,900,12088.89,9509.31,0.00,1.00,5.00,28.99,188.78,1354.08,199494.80,1.00,5.77,37.49,268.35,2088.53,1.00,5.13,21.63,71.00,180.68,1.00,963.33,63.61,480.00,0.03,0.00
5000,2,4,750,1,5,2,900,4443.90,313.17,0.00,1.00,5.00,29.05,189.60,1363.64,23537.34,1.00,5.73,36.96,262.96,2036.12,1.00,5.09,21.25,68.59,165.59,1.00,2817.39,820.83,1479.92,0.01,0.00
10000,2,4,500,1,5,2,900,6603.73,955.40,0.00,1.00,5.00,29.02,189.19,1358.12,49034.53,1.00,5.76,37.38,267.23,2076.06,1.00,5.12,21.50,69.80,170.12,1.00,1902.21,303.18,980.00,0.01,0.00
40000,2,4,250,1,10,2,900,14462.18,6275.58,0.00,1.00,10.00,109.03,1279.49,16018.58,399577.33,1.00,10.87,127.21,1589.51,21052.10,1.00,10.06,90.10,710.29,4884.82,1.00,2236.57,147.00,480.00,0.03,0.00
5000,2,10,250,1,3,2,900,5779.75,2260.11,0.00,1.00,3.00,11.01,47.05,227.26,14532.13,1.00,3.62,15.32,73.38,390.02,1.00,3.14,7.98,15.69,24.40,1.00,430.62,19.90,474.34,0.00,0.00
40000,2,7,500,1,5,2,900,31220.99,10828.28,0.00,1.00,5.00,28.99,188.78,1354.08,198994.80,1.00,5.77,37.49,268.22,2085.69,1.00,5.14,21.64,70.73,174.52,1.00,1906.90,52.18,980.00,0.03,0.00
20000,2,4,750,1,3,2,900,9656.97,1849.97,0.00,1.00,3.00,11.02,47.09,227.41,58621.22,1.00,3.62,15.35,73.57,391.06,1.00,3.15,7.99,15.63,24.08,1.00,1288.54,255.86,1430.05,0.02,0.00
5000,2,4,750,1,10,2,900,4873.08,284.77,0.00,1.00,10.00,109.02,1279.39,16018.30,48520.40,1.00,10.82,126.18,1570.06,20709.71,1.00,10.02,89.21,693.03,4575.02,1.00,6637.45,1951.90,1480.00,0.01,0.00
20000,2,7,750,1,3,2,900,17993.04,3940.88,0.00,1.00,3.00,11.02,47.09,227.41,58621.79,1.00,3.62,15.36,73.66,391.98,1.00,3.14,7.98,15.58,23.96,1.00,1289.09,72.84,1429.48,0.02,0.00
20000,2,10,750,1,10,2,900,20130.14,1865.61,0.00,1.00,10.00,108.91,1277.40,15982.21,198436.40,1.00,10.86,127.07,1585.98,20975.41,1.00,10.06,90.11,706.91,4735.88,1.00,6667.57,265.55,1480.00,0.02,0.00
40000,2,7,250,1,5,2,878,74976.93,734152.33,0.00,1.00,5.00,28.99,188.78,1354.08,199494.80,1.00,5.76,37.34,266.74,2071.71,1.00,5.12,21.58,71.17,182.98,0.98,960.21,12.94,480.00,0.03,0.00
5000,2,10,250,1,10,2,900,5096.42,677.26,0.00,1.00,10.00,109.02,1279.39,16018.30,49520.40,1.00,10.85,126.73,1579.53,20859.20,1.00,10.05,89.90,708.70,4883.22,1.00,2232.01,112.61,480.00,0.00,0.00
10000,2,10,750,1,10,2,900,10112.07,626.99,0.00,1.00,9.99,108.90,1278.19,16019.30,98455.13,1.00,10.85,126.86,1583.74,20973.83,1.00,10.05,89.81,702.08,4677.74,1.00,6658.67,511.56,1480.00,0.01,0.00
20000,2,10,250,1,10,2,900,21567.29,6660.72,0.00,1.00,10.00,108.91,1277.40,15982.21,199436.40,1.00,10.87,127.21,1588.47,21013.94,1.00,10.06,90.18,710.96,4890.48,1.00,2237.17,29.63,480.00,0.02,0.00
5000,2,10,750,1,5,2,900,4944.82,317.06,0.00,1.00,5.00,29.05,189.60,1363.64,23537.34,1.00,5.73,36.96,262.88,2034.27,1.00,5.09,21.24,68.46,164.89,1.00,2817.67,416.84,1479.93,0.01,0.00
10000,2,4,500,1,10,2,900,7476.30,865.73,0.00,1.00,9.99,108.90,1278.19,16019.30,98955.13,1.00,10.86,127.00,1586.86,21034.36,1.00,10.05,89.83,703.14,4725.23,1.00,4448.12,715.76,980.00,0.01,0.00
5000,2,10,750,1,10,2,900,5058.96,214.00,0.00,1.00,10.00,109.02,1279.39,16018.30,48520.40,1.00,10.81,125.98,1566.69,20652.48,1.00,10.01,88.96,690.18,4550.63,1.00,6630.06,1001.11,1480.00,0.01,0.00
20000,2,4,500,1,10,2,900,11137.46,1696.45,0.00,1.00,10.00,108.91,1277.40,15982.21,198936.40,1.00,10.86,127.08,1586.18,20977.54,1.00,10.06,90.10,707.61,4782.01,1.00,4451.74,617.46,980.00,0.02,0.00
40000,2,4,750,1,3,2,900,12143.46,2762.60,0.00,1.00,3.00,11.01,47.05,227.38,118577.99,1.00,3.63,15.40,74.04,394.90,1.00,3.15,7.98,15.59,23.99,1.00,1290.67,238.13,1430.94,0.03,0.00
10000,2,10,250,1,10,2,900,10427.96,2083.29,0.00,1.00,9.99,108.90,1278.19,16019.30,99455.13,1.00,10.86,127.04,1588.43,21082.10,1.00,10.05,89.98,710.34,4908.12,1.00,2234.01,57.09,480.00,0.01,0.00
20000,2,10,750,1,5,2,900,19823.50,2728.98,0.00,1.00,5.00,29.01,189.07,1358.11,98544.14,1.00,5.77,37.47,268.17,2087.54,1.00,5.14,21.66,70.71,172.52,1.00,2849.46,110.90,1480.00,0.02,0.00
40000,2,10,750,1,3,2,900,45584.44,21357.63,0.00,1.00,3.00,11.01,47.05,227.38,118577.81,1.00,3.63,15.43,74.22,395.98,1.00,3.15,8.00,15.63,24.04,1.00,1293.56,25.29,1431.12,0.03,0.00
5000,2,7,250,1,3,2,900,5726.15,2557.28,0.00,1.00,3.00,11.01,47.05,227.26,14532.42,1.00,3.62,15.33,73.51,391.53,1.00,3.14,7.97,15.64,24.31,1.00,430.88,22.32,474.04,0.00,0.00
10000,2,4,250,1,3,2,897,7677.19,22101.46,0.00,1.00,3.00,10.98,46.91,226.66,29495.96,1.00,3.62,15.36,73.87,394.63,1.00,3.14,7.98,15.68,24.43,1.00,430.94,35.34,474.77,0.01,0.00
40000,2,4,500,1,5,2,900,11775.22,2709.54,0.00,1.00,5.00,28.99,188.78,1354.08,198994.80,1.00,5.78,37.53,268.61,2088.90,1.00,5.14,21.68,71.02,175.89,1.00,1908.98,244.17,980.00,0.03,0.00
40000,2,7,750,1,5,2,900,29962.69,5796.43,0.00,1.00,5.00,28.99,188.78,1354.08,198494.80,1.00,5.78,37.59,269.16,2094.33,1.00,5.14,21.72,70.93,173.01,1.00,2857.14,116.81,1480.00,0.03,0.00
5000,2,10,500,1,10,2,900,5057.05,316.85,0.00,1.00,10.00,109.02,1279.39,16018.30,49020.40,1.00,10.84,126.59,1577.90,20847.03,1.00,10.03,89.55,699.85,4698.08,1.00,4440.23,447.63,980.00,0.01,0.00
10000,2,10,500,1,5,2,900,10007.04,1493.41,0.00,1.00,5.00,29.02,189.19,1358.12,49034.53,1.00,5.77,37.40,267.24,2074.69,1.00,5.13,21.57,70.34,172.91,1.00,1903.71,95.29,980.00,0.01,0.00
10000,2,7,500,1,3,2,900,10083.35,2427.91,0.00,1.00,3.00,10.98,46.91,226.66,29018.97,1.00,3.62,15.30,73.37,390.89,1.00,3.13,7.94,15.50,23.91,1.00,856.01,50.94,951.76,0.01,0.00
10000,2,7,250,1,5,2,900,9827.77,3782.22,0.00,1.00,5.00,29.02,189.19,1358.12,49534.53,1.00,5.75,37.24,266.06,2067.25,1.00,5.11,21.35,69.40,174.49,1.00,957.59,30.44,480.00,0.01,0.00
20000,2,4,500,1,5,2,900,9403.77,1750.82,0.00,1.00,5.00,29.01,189.07,1358.11,99044.13,1.00,5.77,37.52,268.84,2095.16,1.00,5.13,21.63,70.73,175.26,1.00,1907.36,263.33,980.00,0.02,0.00
40000,2,4,750,1,10,2,900,16510.94,2274.29,0.00,1.00,10.00,109.03,1279.49,16018.58,398577.33,1.00,10.88,127.49,1593.34,21097.75,1.00,10.08,90.47,711.84,4782.66,1.00,6681.66,1240.66,1480.00,0.03,0.00
5000,2,10,500,1,5,2,900,4951.65,480.88,0.00,1.00,5.00,29.05,189.60,1363.64,24037.27,1.00,5.76,37.27,266.21,2068.70,1.00,5.12,21.45,69.60,170.26,1.00,1897.72,187.25,980.00,0.00,0.00
20000,2,10,250,1,3,2,850,29182.79,23978.23,0.00,1.00,3.00,11.02,47.09,227.41,59576.29,1.00,3.63,15.39,73.89,393.51,1.00,3.15,8.00,15.70,24.41,0.95,431.89,5.29,474.98,0.01,0.00
10000,2,10,250,1,3,2,897,13579.78,11797.71,0.00,1.00,3.00,10.98,46.91,226.66,29495.61,1.00,3.63,15.38,73.97,395.30,1.00,3.14,8.00,15.77,24.64,1.00,431.15,10.22,475.12,0.01,0.00
5000,2,7,750,1,10,2,900,4975.83,210.71,0.00,1.00,10.00,109.02,1279.39,16018.30,48520.40,1.00,10.82,126.04,1567.17,20650.36,1.00,10.01,89.17,693.47,4586.79,1.00,6633.61,1118.78,1480.00,0.01,0.00
20000,2,7,500,1,10,2,900,18173.73,2523.09,0.00,1.00,10.00,108.91,1277.40,15982.21,198936.40,1.00,10.86,127.10,1586.58,20988.33,1.00,10.06,90.13,708.04,4780.66,1.00,4452.07,176.53,980.00,0.02,0.00
40000,2,10,500,1,5,2,900,43168.79,18451.23,0.00,1.00,5.00,28.99,188.78,1354.08,198994.80,1.00,5.78,37.51,268.28,2084.47,1.00,5.14,21.66,70.74,174.12,1.00,1908.35,25.90,980.00,0.03,0.00
40000,2,10,250,1,5,2,879,68216.09,99391.53,0.00,1.00,5.00,28.99,188.78,1354.08,199494.80,1.00,5.76,37.40,267.52,2080.31,1.00,5.12,21.49,70.31,178.65,0.98,960.90,6.40,480.00,0.03,0.00
10000,2,10,500,1,10,2,900,10188.17,983.56,0.00,1.00,9.99,108.90,1278.19,16019.30,98955.13,1.00,10.86,127.13,1589.30,21075.57,1.00,10.05,89.86,702.71,4723.44,1.00,4450.74,227.33,980.00,0.01,0.00
20000,2,10,500,1,3,2,900,23300.44,10326.54,0.00,1.00,3.00,11.02,47.09,227.41,59097.62,1.00,3.63,15.38,73.82,392.79,1.00,3.15,8.01,15.70,24.28,1.00,860.65,20.82,953.65,0.01,0.00
20000,2,7,500,1,3,2,900,19589.60,7729.69,0.00,1.00,3.00,11.02,47.09,227.41,59097.55,1.00,3.63,15.41,73.98,393.93,1.00,3.15,8.03,15.75,24.39,1.00,862.12,31.95,953.72,0.02,0.00
20000,2,4,250,1,3,2,896,11491.90,27571.00,0.00,1.00,3.00,11.02,47.09,227.41,59575.77,1.00,3.63,15.40,73.93,393.10,1.00,3.15,8.03,15.80,24.61,1.00,432.33,30.67,475.49,0.01,0.00
5000,2,4,250,1,5,2,900,3888.71,798.90,0.00,1.00,5.00,29.05,189.60,1363.64,24537.27,1.00,5.75,37.27,266.47,2073.17,1.00,5.11,21.39,69.71,176.12,1.00,958.27,101.15,480.00,0.00,0.00
40000,2,10,750,1,10,2,900,39849.07,5186.92,0.00,1.00,10.00,109.03,1279.49,16018.58,398577.33,1.00,10.88,127.41,1592.49,21093.84,1.00,10.07,90.25,706.71,4701.50,1.00,6677.93,142.64,1480.00,0.03,0.00
5000,2,7,500,1,5,2,900,4809.30,464.46,0.00,1.00,5.00,29.05,189.60,1363.64,24037.27,1.00,5.75,37.27,266.32,2071.33,1.00,5.11,21.44,69.77,171.76,1.00,1896.71,210.39,980.00,0.00,0.00
5000,2,7,750,1,3,2,900,5021.04,507.76,0.00,1.00,3.00,11.01,47.05,227.26,13590.71,1.00,3.58,14.97,71.11,375.04,1.00,3.10,7.74,14.87,22.58,1.00,1265.88,198.78,1415.76,0.01,0.00
20000,2,7,250,1,3,2,864,28713.97,45159.63,0.00,1.00,3.00,11.02,47.09,227.41,59575.88,1.00,3.63,15.42,74.12,394.93,1.00,3.15,8.04,15.82,24.64,0.96,432.84,7.88,475.39,0.01,0.00
5000,2,4,500,1,3,2,900,4160.42,652.92,0.00,1.00,3.00,11.01,47.05,227.26,14058.99,1.00,3.60,15.15,72.32,383.38,1.00,3.12,7.85,15.22,23.30,1.00,851.72,168.04,947.47,0.00,0.00
10000,2,4,750,1,3,2,900,6969.51,998.46,0.00,1.00,3.00,10.98,46.91,226.66,28545.37,1.00,3.60,15.20,72.68,386.09,1.00,3.12,7.88,15.30,23.43,1.00,1277.20,289.07,1425.36,0.01,0.00
10000,2,10,750,1,3,2,900,10589.90,1649.83,0.00,1.00,3.00,10.98,46.91,226.66,28545.36,1.00,3.60,15.20,72.68,385.88,1.00,3.12,7.88,15.32,23.48,1.00,1277.79,89.92,1425.37,0.01,0.00
10000,2,4,500,1,3,2,900,6645.03,1521.84,0.00,1.00,3.00,10.98,46.91,226.66,29018.59,1.00,3.62,15.29,73.27,390.09,1.00,3.14,7.96,15.59,24.11,1.00,855.69,133.48,952.14,0.01,0.00
10000,2,7,750,1,3,2,900,9840.63,1462.21,0.00,1.00,3.00,10.98,46.91,226.66,28545.63,1.00,3.60,15.21,72.81,386.98,1.00,3.12,7.88,15.29,23.42,1.00,1278.58,113.72,1425.11,0.01,0.00
40000,2,7,250,1,10,2,899,38117.82,22167.43,0.00,1.00,10.00,109.03,1279.49,16018.58,399577.33,1.00,10.86,127.12,1587.80,21023.98,1.00,10.06,90.14,711.50,4909.16,1.00,2235.80,30.52,480.00,0.03,0.00
40000,2,4,250,1,3,2,886,14739.67,20575.54,0.00,1.00,3.00,11.01,47.05,227.38,119533.90,1.00,3.63,15.41,74.09,395.41,1.00,3.15,8.00,15.71,24.43,0.98,432.22,28.20,475.03,0.03,0.00
5000,2,4,750,1,3,2,900,4385.47,446.98,0.00,1.00,3.00,11.01,47.05,227.26,13590.97,1.00,3.58,14.97,71.09,375.01,1.00,3.10,7.74,14.90,22.65,1.00,1266.02,359.59,1415.49,0.01,0.00
20000,2,7,250,1,10,2,900,19296.56,7272.21,0.00,1.00,10.00,108.91,1277.40,15982.21,199436.40,1.00,10.85,126.94,1584.94,20978.10,1.00,10.04,89.76,705.25,4836.76,1.00,2233.43,44.65,480.00,0.02,0.00
40000,2,7,500,1,3,2,896,37026.44,31046.27,0.00,1.00,3.00,11.01,47.05,227.38,119054.91,1.00,3.63,15.44,74.22,395.72,1.00,3.15,8.03,15.75,24.36,1.00,863.17,22.93,954.02,0.03,0.00
10000,2,7,750,1,10,2,900,9660.19,641.75,0.00,1.00,9.99,108.90,1278.19,16019.30,98455.13,1.00,10.85,126.83,1583.44,20970.04,1.00,10.04,89.68,700.21,4661.80,1.00,6656.99,636.80,1480.00,0.01,0.00
5000,2,10,250,1,5,2,900,5096.55,1135.19,0.00,1.00,5.00,29.05,189.60,1363.64,24537.27,1.00,5.75,37.30,266.81,2077.25,1.00,5.11,21.38,69.60,175.21,1.00,958.48,47.21,480.00,0.00,0.00
20000,2,4,750,1,5,2,900,10224.26,1273.66,0.00,1.00,5.00,29.01,189.07,1358.11,98544.14,1.00,5.77,37.50,268.57,2092.68,1.00,5.13,21.61,70.41,171.33,1.00,2849.88,570.77,1479.99,0.02,0.00
40000,2,7,750,1,10,2,900,32201.99,4218.73,0.00,1.00,10.00,109.03,1279.49,16018.58,398577.33,1.00,10.88,127.46,1593.07,21099.85,1.00,10.08,90.43,711.07,4775.47,1.00,6680.28,274.92,1480.00,0.03,0.00
40000,2,7,250,1,3,2,790,67553.52,355155.23,0.00,1.00,3.00,11.01,47.05,227.38,119533.52,1.00,3.63,15.43,74.13,394.80,1.00,3.15,8.02,15.77,24.53,0.89,432.78,5.60,475.42,0.03,0.00
20000,2,7,750,1,5,2,900,17332.56,2486.41,0.00,1.00,5.00,29.01,189.07,1358.11,98544.14,1.00,5.77,37.47,268.17,2087.59,1.00,5.13,21.62,70.55,172.20,1.00,2848.71,166.28,1480.00,0.02,0.00
5000,2,10,750,1,3,2,900,5208.21,542.29,0.00,1.00,3.00,11.01,47.05,227.26,13589.79,1.00,3.58,14.99,71.18,375.29,1.00,3.10,7.76,14.97,22.79,1.00,1267.02,175.61,1416.68,0.01,0.00
